2000
1303950978 1290937850
107521054 656806897
714960682 469975136
1076799740 1624620085
1195730451 507373769
1822837339 834335629
881093779 165475482
828940148 1476571494
1330917898 1418531471
1692287174 2109309690
2111874757 125256731
400064827 1233280626
1667361479 2053908790
295274376 391339191
434080795 1863297929
1006752131 536861313
1193668210 1738031774
60523262 1114273185
591409622 1908628893
268519014 1137323003
1971658632 1787140073
1952615556 2091356354
1420444200 705268764
2123800235 634072056
595898098 603878450
729135181 1668603761
754400739 560289207
466714349 1129200008
1520539200 274278571
2137576500 761988725
1298850038 1954619995
1545168121 996844983
2111118168 345034601
106179846 1605691384
595530739 555044142
194700567 374698860
318571566 419705723
1124974487 2147316123
633904531 1739015766
195410568 1101291075
622411188 1229802629
1790091836 924545750
2053745758 1376811928
1651090499 109322537
871311263 1426801310
1233937658 1641183351
490544686 22677653
367712254 631622131
89829867 454179206
1009223348 473892100
848590961 685360606
1105066330 1203923915
1203756391 1167162527
758694646 82557169
1183848244 1837660922
919979904 954105214
1878650964 1806259433
1035587713 562588092
671910630 1784913075
1064230737 539194564
32894267 1543221893
1565899546 150684747
782306879 523438953
977618159 1933611801
260020253 872136746
1557497353 1986841507
1043281774 1108611214
128290094 515080035
597637204 99554517
1937215440 886984740
1841089954 1781485449
1440261234 709711696
1272299788 1572257271
1209686698 328365299
867559863 1944210418
1339948663 126433787
277118535 900454130
1423893083 758364562
544492715 1059425414
1931562160 254027594
93385453 804512968
1913124183 1341575865
1856655900 1136667227
1236221745 2041414277
780915369 306809457
2088294906 1025953537
1735665233 474521675
2046778946 1381072492
1709437791 860481373
657208144 1108981996
1235415784 429514006
1329968136 1997156807
608037721 1512534319
424476085 606377571
860405165 1152530436
1957043405 208554597
1550130463 953790618
2090457845 1722683940
1616614569 1259302715
1566112172 1179195942
57665831 250046290
724567965 1506923430
740512274 1793331064
506328790 623863264
1732845260 302466417
731980423 1163536934
1013210093 820777396
185828067 2061948559
520842482 1621247815
626294603 610304152
818858750 1381247647
187554617 435854360
11054652 221505565
1480808280 130528815
1309724757 1627669221
1877715511 899436805
258876587 1367390589
1013238005 454799829
1078663093 999388862
1301855279 1519566795
535620081 664024705
1484802102 2033835703
1948300614 1548830175
1022594342 1670630169
133450674 321659449
1702907096 1648888945
2084743306 952309424
1173814989 1890461714
2020990529 2095797958
1575983532 507139621
1406576426 1183231638
403138579 1306215395
1761015224 1665453014
517358228 1416376585
788459732 692194669
1356219375 1819213507
1705565562 1324079814
725426341 693537829
216684350 1506382529
1828041978 1748020683
1249425980 350135024
1302444448 1383465426
1126443492 1186685638
1134999949 328775789
835915411 999950373
35698364 563499833
1869715228 95008189
1760461203 438836943
1855213528 1483246805
27957826 130335783
1949549291 496189613
1820269427 1384177201
2077715030 1507631205
866530086 398212120
2146232803 146915733
497050757 547088416
1930553843 1248175135
287377126 1799495206
2128270995 909513687
1909464061 1422377075
1985876908 816702758
911710948 1945162425
236515720 1708108488
1043871645 524688503
655024287 2091729249
440435214 1071829472
308523025 457089930
1964721135 113220993
511433113 238754408
385670141 683767574
1230855990 510182268
1758357403 882720898
534732456 1013926185
1923439873 2045734529
1320627956 515519804
1332222562 1685420286
1483099063 1159021216
719646057 96449862
621138366 1719614783
1663860384 1763517702
687863526 1276162653
1733252583 2104295598
70032943 996386552
1235140960 1550490070
86773996 581466056
1091648324 1620811101
356048351 1317629987
184072524 702522080
600772961 890780808
1406300612 2107512397
1645449035 1921400918
932938486 591039526
687489389 981064450
553195586 1652584543
1268618598 1308627755
437306760 69572322
26384273 1956482124
805385028 23075695
1573565765 96417216
677883273 2040525988
1513853441 1660339762
830486101 1769531597
324570029 1869901793
613198953 1014558625
974587375 925342991
699260261 2019499565
463055443 472552762
1453617213 1632198747
1137299643 1150544832
311688939 2006812799
2076385121 258434593
67433069 748995699
772071394 2102769394
51702963 872818098
765860438 198153512
1858493274 729586236
351634185 132230232
2002132025 541495727
1556054352 676204215
1601547206 467847330
339863247 383158079
855710842 153323819
1785522566 802918690
1953463523 161844407
21173558 775338561
1033773154 117668814
866664514 2097558679
2052844426 1101206224
1974024322 1638735908
1836889420 2104547389
686649977 592401112
724631344 1547899046
2089394773 1038284162
1714488377 579279721
1047127051 1497965478
1881123557 1168551935
1321875754 1386990298
42425341 589350751
751195158 959914673
1735253234 1995888864
2113557678 772368716
722443748 621542741
1722748965 832738544
323990805 627804526
584868267 1549289639
2141690751 13396577
1561295624 1271518244
162318758 718838448
1298118169 1503206749
853688579 1876807136
897875423 197761573
1584751871 587328489
1176679240 72267530
1032182203 1627177212
1475582428 1927874399
552759467 619951789
1241494530 1441656459
126911355 1275203215
1903007741 816759847
218565838 450902160
464298738 340392360
1611910604 212772942
931611390 2025594362
1381317463 1774229363
1503552851 82245911
280007484 87522395
674850884 253944626
326212156 1864759356
1344452920 1851530124
1631920875 1358394359
1978346149 672551701
2114208160 37196695
1312399910 1072357031
1889116879 93635867
544538028 1067924004
1408316364 2107682717
172972011 1008836766
886947480 872743321
499489036 1104583401
1186829313 120781295
208303690 2003041887
109502865 1466836797
1184112505 883154574
587201051 435715022
1794109381 381081778
1053633479 71638278
108834973 1624971882
549845266 1020357991
1113993858 1421234884
341675240 291478497
251677566 1658531886
519885004 1749991604
475251277 424649578
1529232979 1406832484
1527613780 974740313
830298552 568578644
2035415442 1735917470
471588397 939801418
1375516440 1072044299
1453126077 1058789448
1130427726 1022142173
499630408 359275908
1379633899 1239262700
513013936 1049475674
1340954171 346144110
2004675996 854689176
457197132 1592631737
2017281315 377077353
1783909837 932448410
1907188723 1399030647
1967609291 1164039969
752473792 590003628
1529805046 1855541085
780101737 1224062189
135367989 757837838
1779980011 85744166
445020075 1265795715
357574767 132126771
1181602445 1824653974
23314436 870588703
1725277879 375072968
1967704706 2027990433
257584138 34991364
967439774 1837502373
1089049372 2041493975
1058050297 727144849
1317148477 909175016
617232453 1810524089
887102630 699469875
1457307713 1397334190
1483078357 1022470619
140782686 1089804077
1221930848 1928098432
1605268758 498357454
1368946157 256049646
631122614 1628583195
1509089980 946740389
981731753 451343672
141362398 1766674118
1660684445 1949171527
528832728 1230411770
2139586786 571251094
234291535 1845981206
397967433 609335592
2006669782 1121394165
2143864784 1855275147
797595576 1342264491
1122879275 137163823
635521277 2019526424
128092422 580664386
61763933 2004467434
803724175 759215037
1210558709 1570853913
1190044383 1785455928
1587143807 1351921107
434849230 703245180
1274496275 2115976536
1814474094 426952368
1036287960 1508787810
482698328 64957879
1920233026 895474095
90254938 479079464
616243287 570344954
442387731 1213134214
1793798600 1251764564
1108748351 570480153
1329695190 1855562533
1278932798 1912472526
1550444807 392770252
1744691359 321493533
1024738713 990104966
958597854 32056941
459009310 151751340
1660539151 625588300
690546180 1495297270
243287717 2143237479
474833295 463295558
1033640513 333542656
1546676870 1091076583
195357499 1476028244
2046508397 1192991822
901070707 1304105850
1069094729 1228719940
1621490192 32519857
354013390 472055888
1462160854 1218697903
1250754845 1378752103
1530503444 273275061
898863361 1709764155
1057577777 1043558947
1039312778 1589409541
2052705100 1300865495
1634408151 1514146073
457739008 938861965
267406561 1033601373
79109547 653096508
1957202358 166431310
1395151250 980180254
1012700111 878813439
1350869327 869157794
2087855698 1366713501
597981956 665546534
938821595 1191126895
753407402 2128485400
1024560699 1837684956
1279610850 1810985179
964367026 2063873477
1430535903 1184832302
2123694267 451291529
1484892902 1888274911
393887771 243617180
410048490 1564002449
396699055 203606482
1082419921 1805199741
526873887 1409399166
628629019 285805601
951352135 467245937
1658372832 1226610976
1207612728 1890173730
1580375038 264296586
2075281766 84689780
1079609 712502240
1897334542 892165144
1343456674 1431615512
1172406776 1873545161
2117162341 680865928
97384730 1566294547
1769901029 379727184
37443277 494083785
1903482952 704837303
990642904 564317164
1031563102 384628323
1611239299 1941995039
1684685121 542452286
806748873 671368380
756058160 1117576511
1830078752 734546991
1626712135 757137769
41269634 1579929646
1305991160 822685161
1503551090 1213676410
632487309 1275669853
1655397037 1600935820
2095019605 254904691
959741994 1692840314
109673831 1851018909
88163585 1950384898
1744896289 1141236933
1683689219 1699402884
223287616 1282097762
252190625 342954444
1077501435 979345776
1736483546 2082269377
1514715376 556729923
1379415084 1777753180
843945942 673222888
1948892741 735482526
188934698 1476433251
1731337942 1456806131
1002162797 136470656
1987489565 543596288
346497538 1111836628
105589913 2075653150
1627572387 2091393827
1226007941 1789279133
2132233577 1850860003
682722132 1478198567
1412984296 1062251365
1618981288 271722030
2049475210 780216024
1453438912 850912724
1586395251 745937504
74887107 1254848006
564170489 1775329949
1911800605 1806225050
202337690 1566333286
530686267 1751806523
1679976025 548835229
492745408 636276180
278071665 1160064764
863441120 1718753350
1049468269 262821595
1325072960 1546163252
1817885282 314968917
1095184942 796570600
1647483324 1719876844
318330700 401140206
1655988212 1086394927
714241229 393217807
51959209 72675053
1639008340 478558186
82881061 254296900
803132129 22210959
658487139 1762857087
775438203 1295877537
867147239 936558805
1199380400 1638879323
1037558927 1916615508
84100778 376969712
1173540312 707960561
280353757 1179285720
1580425926 673539988
1759934916 598684457
991902265 1088930491
1161605544 326692497
805250683 1043861474
1298158374 653130236
675341195 888131745
503505184 2101290503
1249684393 1333828335
122903492 1278943387
770339063 2116831632
1885963493 1322283892
1699253604 1807897990
368374904 1970064271
1001866343 725310268
1398850256 648728661
1247413119 434808621
1523739112 1011301524
1337994021 91831736
1135693210 537861009
1190991245 2143244705
883892802 286367937
240174792 1866332441
1052677128 1387397986
518857725 1489859185
1459207170 1175580620
350380864 1289196788
949611131 1197687015
1020267638 2049634468
627461088 1317986035
1966714696 2022133981
309458954 2026311344
890129221 1066644167
1158475903 1833198067
223575428 80639594
76400651 146685466
433053403 1414566673
1133415466 960293453
200207791 673228195
15603733 38608946
1214189566 719065517
2008262305 1474810903
525014270 1564570430
1466721250 810389788
2128375823 1545281908
1419932241 2094182338
1973010035 1947606872
866767391 1729391195
1415105614 715655608
796295202 2025243295
24445113 1638681042
905764068 872695854
1832989307 457498516
1130726711 2039179534
2077788481 2033197099
604778968 1146330444
473657699 1144494399
561581182 465557625
1275947414 998671969
396470229 2028302432
1975001123 1256839589
1056962813 1816402470
1398310018 1800527510
368699470 1923730205
1801489852 665931984
157129379 1164994672
2037690526 1825934965
135949833 1062893447
954589333 1723196186
1608909637 1266676544
265523341 884894166
2029388566 66204957
531762582 739181040
1737853010 443486100
324304884 1807709996
917065938 2134323239
1803242062 151822359
1952349869 1974028751
1750275308 1054068432
1720000416 173565691
1338560364 1404281512
1082732829 1877129795
792539594 1228767242
804479780 1218682662
337875559 1747128928
484539446 265905769
332110726 603398900
1342579940 366444364
809930464 863873309
524099657 932949302
919788894 1134235349
1286057708 1441165595
1267710699 575547308
1629615740 1090923930
1264489621 870502359
127300224 1202132508
931778656 455566337
1684333580 1210033053
281232068 1724318250
1323963530 341329712
607235482 619107627
1222506527 1808502977
27463693 939346208
1803219517 417602819
1350552122 837394158
1971629507 179835527
1621001122 122857368
698404676 1110203567
53643849 741228173
1611730533 180536768
1382669276 1318133471
1773699808 1739030757
801580162 166964284
1891282535 1310549740
1651879453 1082812230
1701919857 1067762417
728781746 111631287
1050977495 776942736
1194545556 756245440
1593639598 706713365
886548892 397614030
520471398 1417785457
380505376 360066366
1101294540 1218876074
1399412842 434149226
1752282697 565541425
157088534 634598470
801562755 1378498857
541564950 958668696
2041480927 545361642
1613124059 45960755
157592042 1595917136
225376225 194422158
950667598 1208569537
1915282902 1419921781
1817535811 396823548
1814609005 654348146
1014414513 190523561
1409399635 47630733
481779959 2115709053
533766830 661328829
1295927299 86579008
1465077866 690855364
1649524060 2097490054
495368048 2006642816
2052603571 1543521339
991954828 2108492108
155430618 62711965
1271281502 1217331053
489769186 1106098216
1502921764 1039080757
1693428903 159821349
350344910 1170047121
1217677854 560359768
528585173 1759744545
273589726 1699457814
1786036822 1062352003
1753207367 1569517025
1519523432 1103631040
962790208 1255247780
651285471 2014891480
1975899940 867910131
930622096 1643240299
713087704 2131330558
1089945126 54419951
1093500708 1202856890
1362678239 445383242
1615430363 639445963
1199805732 1713023149
1325284046 685624570
237598736 1728390905
643259261 1598873772
1020907150 2023635558
979782951 248982980
1504230760 392946934
260354766 1942573159
662999643 8032584
1651272883 88771059
72617969 1593621739
1648041690 216876940
1419733830 1162563096
1607946338 594058750
1233504714 634928422
200467923 1075893054
1761517624 285826798
2014217703 1525751970
977142094 1999116360
1875268270 509993316
758976297 1998049244
243512530 707567573
502657085 115723409
123755993 503867297
592638356 1165656728
611794819 1775028877
1991905817 665256325
1827819421 112352862
706411612 1264155999
1899084421 1288282112
216691518 1939916326
78259476 2099552345
1477820667 1978209142
1829841854 2092477180
454986848 307479113
158044710 1557626476
117710402 1213963145
1329686555 401557240
905424537 620367487
1786024215 1453442548
1080987777 1498062893
15835571 250335386
362688248 925409946
42082298 1843654992
984453456 1069099861
861532539 1941166719
1893235416 1201144974
1031870468 939792016
884785548 1223572435
1531051549 714228674
124371503 1339772396
406251894 1689096259
2090653499 242081905
862449392 1735938449
1041897349 848594389
199173634 500989959
751325345 2122885127
900811425 215009205
2058664198 1114013594
35629807 942893723
736576795 895634006
2096778981 897162346
1836954362 482328563
1705900999 981165801
1695394476 574256262
1914028659 1089468900
631081511 1819765979
2061847884 172796905
1908735354 574251362
1422845751 776813628
1277803587 803149055
778550534 1622019386
1837028591 2029128932
995658878 1679361960
474772035 1748209141
496359500 1031288685
1928451032 1211348830
1693677394 445654833
1426820634 1617921746
44694361 1252094745
194079997 974731462
647013793 1958723020
2131519925 825161508
1399412870 561378029
1338191657 1892771631
548437038 674774974
149310712 468511596
350156881 1326987573
858865885 1986339303
1587064797 1345815759
229620797 1333637920
397503103 2083424297
381595482 10588181
1628509927 2091180497
1195791594 1808416116
635663931 1673204288
1484443660 1389871591
67549451 1282677724
1844055754 1468479937
1213767920 1466962321
2141737295 1034763763
1503275360 1762204959
941708884 143564359
2129903663 1853432241
1051764352 1800574769
986729041 1569484812
1505425461 1281385149
1291973330 1384232144
1327928993 1887020943
1547953411 772999610
298720250 376236939
1766108530 36133694
1318811419 1783163911
1104160200 1833657981
1153136655 1015383525
2050147288 170444473
1932649432 1147390302
1290954662 1405939000
1111887593 726874668
379965789 1273374677
695375841 16168298
1297553447 1366694830
603443327 53317654
1940338597 442043130
1215042740 1931372320
160125612 1340808360
1376942055 1513762990
1149443253 1926234142
1612408476 548269826
1563653351 106119806
276564279 618061483
1765451785 1466316991
724772344 61730063
788604731 908922799
34813828 1836659937
1852828235 1168570520
387781702 730189669
783507323 1002898035
1444941165 991225029
775113702 576362272
1917170633 512500257
2026263247 935239314
713989808 1146629040
1694898866 1028222853
1134342659 178914636
796976119 1111068569
429901912 1410906938
1472637001 414944257
1323867056 1154674256
843850546 113758084
1282328604 1358680885
2088870554 549195133
1552093168 1670110306
513851688 724894230
1301256502 849550685
1362050942 1288965390
76721056 1070943487
70088879 1240830542
121569747 790710864
969625501 1764987745
728572666 1255912406
519335696 1766601620
34062229 1158474579
165665187 1991972697
2105730781 1357929286
569126523 1009515733
1558710867 1240575737
763202395 510513429
1235407659 963320387
1812871073 1277054083
418535825 389180514
1460124001 1027438367
120785261 495256881
1285967746 1530212881
1147716978 242355008
1498267414 108109599
1874711219 1876289645
887280576 2017603110
1862092159 1908773449
1119219087 1052945763
2062461497 1820339292
913431381 1688345610
51375391 1473688716
289525455 1676633777
806204212 1286783051
1675963565 2102396528
982351248 1224740038
1719996919 988603918
371333151 1103136509
1345491518 858481017
966590616 1519050130
1247856127 696275284
566394747 693818188
455107989 2135136703
1040598818 281003258
2101342551 1574327076
1115189038 955576667
281781735 867290284
396440413 1166564429
305863832 571307191
526220071 1202644626
279901016 1981827397
822947668 1508571319
464224181 1999897935
710895305 1194280819
565847301 1809715699
358507335 1677485921
223820461 1813703428
1801356483 924902082
1205905341 678928450
105771878 694471654
1650048321 1159764244
2027054528 1220960916
240041698 1931830057
355653600 276011294
1478655920 545905530
380249280 881873671
242961343 1758556936
1610971223 1203196948
249994119 707185524
369417575 174382880
1851868802 815841421
482061201 727924910
1652826993 2075689263
607134066 135934037
830405691 711248686
1871012930 712905944
1933866861 332970364
117316773 1750583810
2026595104 26424911
572330441 472970373
1354844045 1357767376
968840664 952579721
8293021 1597805388
157507264 432328240
606711120 258287141
1074128562 526924839
1254849749 311096274
239301890 1556189763
1692123800 760193094
1471441780 846435956
1559341900 375045843
708016208 1194971062
798071225 1345725113
1372150024 825332981
1298303355 677182681
2034950058 1944480466
749576539 505663752
2103469140 856307074
1288635314 757869561
1016156702 113492756
640417595 1895346435
58959061 2090285264
1498991379 1895267344
507976791 298260951
1144696907 1043631532
1418677375 1979418571
1026905986 556555160
1902280273 2126693583
804542917 1824977211
354676244 1126946650
923943468 2102846272
461026376 242142654
1098449729 1673520007
283905920 417011868
530504624 239601395
2134947830 1300062622
1242864238 1170922219
918705915 46423244
344684195 594371970
1638003502 1426682706
1258617630 1489381103
2045936263 909197229
888407165 138039968
1963017179 1800732888
780195890 1692950082
1648312706 170209775
412352430 1704139358
1230175718 2109339082
378867302 1510802159
1750403554 1514081638
666660613 909371926
2080294145 1737867737
1784290981 1909524851
356413173 851516412
130715471 2128975176
1470872631 1994416675
756130257 1389333101
1527373069 1369325246
1022574487 1644537422
1190003856 1342906600
1513116375 1802770377
1359426088 690832914
652688348 1925468805
1288787316 442118158
1956199796 1031555650
1940927576 891707223
482091312 475376761
237417965 1873738073
577770837 118898645
100390173 593831138
440764166 708486308
2097819409 1571262805
793104403 1196894423
693948197 1477708830
673131782 1815678890
1470965620 1883952053
427301319 38764510
1964233315 682908060
1125026218 1079989667
2111545317 1105536984
1997244207 933742366
1409119128 1904989245
1631243670 331851871
450750516 1646537093
92884583 61530859
770017168 551140689
2122403494 533648749
1730543172 720352929
50578112 768024250
436219492 277007721
13476126 723709894
762474404 1907185112
442609524 440777445
1520767112 579224072
1684761056 1567635742
353894461 1484828781
1242334378 1534521615
1866373486 1763013589
1262067034 726094400
787625260 169640354
720781043 1354951617
1888600367 1557642428
130511709 695700890
1463725140 1471659891
1748667613 181089821
904799716 1899944632
1659646097 1762143739
55437537 1667274120
99014544 2102255621
1522407716 1576204649
913549783 1783775600
1170813567 1876302177
1491832118 8400513
734494914 889703405
1059343759 606415504
1961367121 1522120174
932278954 1780124803
328342045 1702483840
1026660084 1062790663
1243880485 1792067185
1544528169 627844049
242504140 1196553
1668470673 1056690618
1011462592 297941677
1874146327 1767485218
1403777170 386386660
115205189 640212462
648612975 427107090
1316810495 1607037307
65969163 1383107889
757744415 228670607
2008795410 2027336284
1582336477 1690023369
605330385 189653807
1981720992 461512913
1089356962 1849210870
1850407423 1378765513
287972484 1331861102
1629802780 1371394448
991396018 1299435076
1685821736 1356465459
1996677921 247689541
674796631 1801026925
1260580584 497807248
1880915138 1991607126
72794085 1326549747
1206402383 491175905
33715627 2081589495
123759654 641255212
1102768125 639046012
340773234 2105480646
1336762512 44641439
1376502542 43697009
1415091457 1624734996
776686424 858821674
67803485 259003828
506693369 315024512
2116051437 2064481406
414805006 1181490000
1025613478 1229148373
408214472 148236496
639412402 1098407564
1032513411 1614616855
108388420 673128029
1312174041 1156273066
1114270064 1211156545
1255797985 1652947275
1696644284 303548928
1928283924 484816879
1343638553 964252093
1223255921 557486700
872511212 1411442038
1328439796 1729949290
763955642 841079001
2070227374 1743244802
1891481299 1789569121
740493037 330958198
1945575054 383410053
1056538082 1773006448
781795866 2053963474
1117636371 221228475
1874175750 1896065931
52131211 225950708
710767587 1423336386
240104831 1980415136
390418188 2054406140
1318364530 1463360753
1045826395 1262929401
2104008402 499320678
95081833 1809782038
1451867511 2026752129
210226679 1986563132
222489537 44876900
1817883348 8318085
2062281559 1279027619
1500256094 452195567
200777850 1032434283
1258384991 1226948196
502800934 252909061
85840549 1969152579
1876075071 742905765
58782870 476258738
1739188139 1046955954
1546276632 1104609266
766907656 1695712893
1574981374 1641358465
1480437949 71291519
116168419 1785208054
1793526139 1702927486
834471457 1934051767
238763686 1708324051
593274686 187243903
1414192099 439541536
692450598 1851659677
1673328608 1916993033
512415151 778291147
1254549885 1401920032
301392338 571198021
1675807287 846254376
394483622 1847668970
1341543788 295231295
366522814 1969464996
1607189402 674498089
229941928 482691233
269259353 1253231894
814072297 1064413385
1251657289 508023039
947564576 1407346983
1111523012 518365740
287875126 1640015174
270822673 637367973
2039288005 800290277
1371488298 1525372559
224143287 193196695
2040865665 899811938
1195043233 618626909
440608258 1234925805
1909423895 1561566048
2044257281 2047797660
1153545906 2139365823
1056295560 166032986
674056026 1967618203
1227481538 160469201
678834942 1621620602
1114152128 191520903
828888876 966710068
1767000345 1384974801
762863712 720693233
913889928 991004995
1890816933 987007000
1605633909 807271945
2042197751 938376519
352458919 2046242167
1946556180 1804137998
1796020173 249232552
415265539 952618438
772752994 704832085
865301287 1089321565
563458519 2000234532
44271787 1544136229
363362649 1677610647
915101800 873160663
1593853896 2130362994
973884341 1677965513
517488865 360260176
1167532122 717217627
1655594146 2123122774
2021881294 1062246225
718900575 2008053065
109801969 1820953826
626088616 367437100
1072269185 525067508
1614389073 1398841610
1251592495 1937570472
1334223053 30363944
1707974591 1295864282
21541298 1697585702
1680465048 475592744
6074609 1615395194
1975655371 506865742
1224083369 523563474
499202600 995703845
2057950070 732193867
592763284 373600246
47070424 629366997
996804097 702565253
1227632762 673159041
2072000651 2069073282
1859160107 694538187
724902132 1176109498
324490133 1045899512
596001567 285393075
760985819 346031431
1961426625 128982967
635848709 767060428
1290623902 1789598348
637818545 1859932078
444642297 1789826503
15943101 548284967
1177651964 1037405581
1739970835 63013526
736172567 26972413
2096045696 820119949
1514658136 660689570
1836799069 1807722155
706138019 92076620
377469696 13805554
359836985 1302139586
1431122554 1138455515
1905515944 173779962
1963378311 2066971263
1779419694 1048656198
690999053 453713208
1001998176 76578343
1113983925 706942155
769955681 32166492
59138906 706471112
1526591061 1506128248
19334170 7700954
1815423109 893765549
985842170 1856133239
1869938793 374077480
1676217067 1363311866
354283733 82292130
256072093 959855973
879343588 112316029
1160972228 71966756
525679964 511279634
587857978 1851971281
411429788 1527678140
1559844633 1701841903
260829367 1181385469
540030069 1618983539
1626684493 1787420428
533702329 559364240
268013831 1294623954
1668701434 1519544499
735372717 2137952625
72761107 1197434853
9807178 1089656451
1201972480 328833200
400799956 889150767
1400430401 215461060
2067432342 926479921
306674413 1988288379
1542646634 331378482
1512763952 1866519046
1338018937 1803476001
1443412781 2052794021
464674613 817219782
2111843736 1977115111
1349175962 732688445
723157422 1633061523
683012728 2084548680
1026721483 795918529
1124751730 692819907
1581970674 81210315
296671376 1525551686
304547959 834917427
675722159 216620070
547998552 611222373
330257771 70885145
1874361147 2060762504
1966072878 1668276709
338012843 1170290280
999921743 283263843
1015952288 302372932
1935434455 201614058
138679090 1739109710
387544592 470963535
1163783442 1165400573
1246610888 1512296322
890364360 598270468
1433187896 1543282264
1759902334 1194912320
1806134693 2108910055
32311552 160417239
73696095 2136392464
1657185525 1906672699
929479332 2039768973
175549169 1995198369
150087653 1929401075
2131015133 1191501457
783127520 2085522108
409001995 122210575
1287611148 1170672112
535484786 1572785438
23572258 386738389
1930020653 1425849146
473277818 1456760154
1418186561 1542439340
1702856579 131928863
120837680 1450498114
1209687165 1776552674
1668838000 1778023205
1625737926 2139166497
1921083925 1844387169
888404978 1775825579
1713864039 1904615410
2026825986 1671532498
694720962 2122866035
1548167825 1166953486
1553691875 1230205748
508571247 1571740083
881016590 1336228881
731184573 981849065
1113777929 151719503
1602217617 286557504
2063110178 1234615609
865155166 664421135
656103984 1584464530
1281368051 343409445
2119235024 429704261
186836024 22289382
1693821880 1685615416
1660997803 66178362
1233131848 241059195
1471264943 1061681980
485938415 639340076
1975568957 1979836190
814201608 1366955005
1518674509 559269882
845827386 1927979537
1015111498 973408478
1637829613 761453916
198434799 1880266664
76192461 146449950
576154211 1479802850
1502092232 47943838
1733559254 762990235
829168597 1048430465
1289489660 1247073409
161271741 2062300446
554156874 613270955
445623498 647210156
2014165162 382242183
941512065 1259825106
1040320995 1385356023
211280853 1787339451
401309719 2055432493
1788215509 1849110467
1995560417 599744518
2079547369 1864407971
1912351809 424230980
1187221216 1434155953
335102770 1498427415
598017176 2016389813
1931206611 1624592430
90379738 759288917
1406499073 337879837
720122020 536003236
1795828342 1273180587
511052962 1661634085
1301489888 688665689
596614534 722333816
423960635 1702799608
155060478 237346395
2101754366 272037404
696268384 87124199
1521280153 1866622527
1217566294 1883489600
1752395766 1856382923
1333491706 1815583470
427388739 1536118729
1873998567 1423871444
1959874680 1833887813
959584752 446636939
2108271025 1608219374
149401415 1470637715
45487883 1262277265
817593225 746015949
983362344 469448518
741485922 972653704
1059777903 937633063
656771942 1437754306
1173760259 433574408
142473684 1874338237
1542438059 778672377
167307458 1475965390
752353186 1969826799
1656230964 2041306025
340459317 564744218
25479944 468332068
1938969783 301246694
1563523959 174881359
920897308 1984457666
306422536 233633537
1206287241 1904259652
694409067 1047908458
338179117 118581496
552155905 1351181010
1078035599 1511939376
143128105 694629589
23111331 472990010
295333161 310435563
204257941 775464517
1340208735 1951564125
272412546 544717258
845963952 1365688679
1540570038 63898681
2048356348 262004263
495637800 313983698
70759702 207295236
1255203695 1701925041
1820506538 765168770
2116349780 1593382812
957838540 225178795
919808384 1046901731
1519891741 1100966645
1411402208 942919715
1718384232 1815224903
1619305380 1615660149
12893759 911109319
129314350 1891717926
1955616608 858857711
1120861975 1669884388
1983868086 1856489308
2063784544 1616499775
1170941169 2054627788
672312910 1171504591
617403755 843964059
1069142854 641179042
1688080773 1575242295
528725292 1988951238
784387305 1060488867
728230122 1940127501
1408304002 355287889
1266397208 200051854
2091769781 1421197762
132571825 1395711558
918112298 1899902741
1608908401 1253433800
722449928 754496736
661640876 1525209297
549230241 1893391097
589871508 1333953787
1975132829 1166633996
594392644 1659014362
1500481952 1515729955
428735174 1123117936
915761789 137385609
492673498 1156965296
1357017150 176582144
1597779906 1759070706
1007298616 1301303283
1053722376 1730351731
836301884 1925410914
532424002 515147129
2040356427 1558751812
1304659261 1194064878
380535017 442103020
1608737016 1894530769
1406061483 208184199
1723914154 55646012
1178763949 759059787
896445396 5165680
1162130976 2094525738
123624234 1389118894
1000705952 371664478
1672967762 1721404140
1304272224 2008004568
1785931834 579206490
1094353620 2140574108
1551842272 170872188
1364937066 987226399
1429329419 709017885
456065006 1745472084
1953656283 890582787
946228800 1862126489
473702628 1530086789
1535252469 2124992749
2072034839 1370148024
611783270 549899797
921564275 48175426
1769579566 1612489222
1473010142 447048389
1026254880 926368142
919458602 1111458328
1282330516 2120608500
960351251 323817226
1032835111 499783934
97772370 242197022
1132779809 1488900117
1203542958 2051428653
1434031794 2079008609
2056517710 1677245586
899909962 821800615
1371700412 1981068902
2029244328 1511693232
976698806 145781040
592829429 1651340246
430224741 302225300
1413683628 1619084309
1592209161 1349683343
1673500570 548530496
1048314431 405076764
647273786 558852033
2047752151 1146086801
1050031807 1780053596
1711578557 1103811461
633573400 336579953
1158380569 1620612620
1454197874 1533483362
897692947 382597333
528378373 1335958554
839815152 1874391753
29133406 1121207803
592808464 1270039893
472239589 1442817034
1991347531 37533978
442610742 2145740159
557108544 892178314
2038265115 1089884529
722454477 457377047
1561188509 940813274
1277393228 286549386
1907162006 47278261
1580761623 288290149
670887482 1213876232
402351138 330970922
57879028 1199265856
172990011 1242166291
364722536 87012434
1529829468 765798475
803332453 836962125
835218636 1373693351
118388017 1245943196
188344077 1392327181
1849704228 9169485
949982759 910798554
1197347940 1263409089
1310687350 79892339
368182488 957026299
23418883 743965326
1074936248 1039069971
90852179 425770022
1667936313 1132815276
1219827710 263842190
1029640665 2032658849
722137327 602173531
1975866882 1832973119
931432667 1557355963
802199496 2094254900
2103424385 1119776744
2030575298 504420077
1767829166 905923496
985815836 1080439590
2037465889 931032869
1674998195 1353998324
245584647 2060884773
339171147 602450795
1735266072 336436826
600279016 2007107460
1892282661 807610134
1409783665 1629919682
1315409153 466936340
2024292304 1238166900
1184938152 99358172
1219134916 679008152
1183428229 1140878889
2046802385 1102226566
35182508 803773748
1734806617 885134573
91649250 2072648398
1986049523 1262321164
1864771959 337233897
673670724 177737022
37360834 1452554383
112680870 1273949740
756385774 1929643495
249096188 1522464535
613147787 2071794927
23669451 125904844
804912996 1798085939
791481180 1242804367
197547285 1988341226
644631326 690799918
1575934491 232729794
157894544 231954295
1494275459 1667583741
2004817639 2143944067
174197441 1211563770
516634506 531004715
1804954455 211558275
2141201770 629315376
4296263 413856582
338167861 242814310
368719154 617444051
268046342 361837313
1604641680 1173632151
1014489729 1059527523
1750327441 1802188966
2034918760 1659121055
1891075350 1178778284
698878378 45329656
41790075 1237867161
301947283 556212369
1087217084 215987516
427545791 818581789
1447897165 744687891
1158544473 421263913
664078224 1452193429
2069637480 1496712335
1858549648 1032797378
58945881 190200174
1249727697 1315707680
970412998 1073435610
585073017 852571490
2031349775 857848110
903177766 328664719
1566531880 582744505
1138956874 944967841
1160955357 1868479164
539577305 78690310
823378201 1588501148
2009765062 1987474471
1292184252 1981922675
1331151362 526359638
1559157016 1214338084
1404538258 1042217362
210441394 1618102898
544054860 506782308
1359353798 1180854393
2038702503 1129127878
1457792597 1243219925
1825964430 794396622
1739364463 876840830
597836346 817437656
896127966 752836173
193853673 1137413651
977404474 1719506168
1553945195 56135087
582494725 122105078
1336443162 737612909
1779830271 2141651742
1612270992 593497773
1100280081 1990271665
1023642410 8842204
1137970082 312150231
1555370157 914861266
1709257888 448279032
1325119862 1233850939
2051288596 1301138703
2053974876 1922956208
912886211 799932914
371955434 100344902
156479989 1890290686
2012395764 1925900629
516029890 738974715
733142809 1201355279
1794853052 148376513
2138648179 197930153
206772357 747649485
1059799716 1014806941
1929668207 1344742440
1793021472 467686225
1701537165 1491442447
645097503 970657686
746130246 1605342113
257791379 551588731
651933633 1659016457
1401823495 629746814
408163795 808413623
1547388338 1266735612
320607243 924193686
1072570199 133047499
330977652 2115460295
715626132 1063734730
2078541672 537750009
1882492449 1775425848
95628426 1860726231
1204685031 1528030273
351204311 1797165591
1255024056 1849782534
253887617 1097334557
608867367 1512815435
2142562249 905821251
1714234874 2010690862
1129942826 403242397
1327436083 1114139564
1247187063 1450550069
1418526716 252522634
1316257365 1578164715
2115914724 2134152848
1762095049 1247315389
960557972 1850923526
1231470151 1857723475
1507405418 17759355
1867541889 1582674463
532525372 614945826
2127761261 2121429507
879767110 1141392739
1004599954 2122839863
378598612 446518336
1560657900 2134542780
1437609202 1706034695
1958557329 660361315
91042382 708652270
695321471 1127331046
227162787 59473458
1910396984 309932872
20172699 1187720760
1205480115 994383488
429574303 1527578117
2142523943 925538357
899484216 962099675
2103492415 2122801556
2098157771 1779251326
78286014 960608721
947667853 329272735
2035307430 1638943914
151821581 237793407
946445678 1846381112
826228510 242863963
302337421 1641767149
1951700021 1053391298
93628410 65250758
1059634246 1971872720
1351967189 1299108525
77163234 1489208549
303824576 1347007484
1322325392 976647450
608415128 259833343
1220442064 1272999516
1602272251 686701142
178161408 20626270
258419677 1490096034
1188993498 329982989
572846952 1204865355
699148856 2015222008
921129658 875184374
940435132 503365229
327754301 1014758068
166382946 2000069378
1341794279 1679721490
879245326 243546180
1220193631 1645618855
1905452199 54087071
1327086587 1828608759
367826254 978410615
999036885 781875190
124487576 545987662
875970652 1257456563
314838270 1313481074
1181219435 1448817604
176518330 1013987127
1517352356 2102349093
969623514 1116953462
969539192 1845106658
1377344500 1136006460
1379552640 163849823
1809468679 109106179
163193250 452262623
133387735 1567437230
398364197 1490279837
124671379 501213989
1047201651 1397401083
507373998 249158956
1562640030 1923172303
1224506260 822212268
1836199395 596375817
551241263 1401024590
370494405 1206068104
903691114 1520864777
509387589 1340033597
1503883421 133551966
242658145 1888940229
193719205 1165868452
585822034 405851395
1896131232 327106940
828320929 984186231
234103666 2020802612
122477920 1875522580
1651211236 741477664
1563689933 1685117950
134010120 728233848
2129258438 1252405680
310990136 685251383
58632512 352269195
1692302793 1214681250
1348233217 568020101
309476682 1048702566
67087370 1590891362
1996742758 503195887
830302827 652909404
1637095635 1745390342
1618709306 1658623756
1386662689 1871199302
465193318 1741187226
1278821529 890390277
1618624125 2028883251
1133805284 1412831649
2098083032 1600398915
1952668111 1444795420
511993023 9231896
577251997 1497487256
398706174 1860226240
1303633954 886728679
1389924567 465793544
1118702948 1152893064
750799759 72743746
1731367503 608314935
332030589 222025417
1963212644 970546544
1860936821 797223908
678623511 1094550525
359898526 1332077298
784992565 1812428795
1109740568 310497910
319729806 590177028
2087664284 1621733591
1334476183 896981803
1783710482 338886810
804680354 490626489
1643519554 1026151401
1098895148 1923383302
384214590 246835665
468861082 682779003
1653325547 716245179
1513469087 284590078
1379140603 1366778720
551372370 44608951
1857037746 1739039129
2049537039 1336364935
1926541964 819294666
293544609 221783197
1118765000 1866722600
58125763 1628020792
2118647282 754991835
1781143236 862806117
638705772 1614683188
1861518853 732554736
1415333739 1022920362
1739165541 182896287
467486366 921175638
140470710 1105150981
1149759932 1846626969
1438182451 691843080
2028208016 859314030
1678608697 1340235842
1562019040 1807266332
1526505284 1972153306
1452690451 533300392
1288292227 1584631047
299953517 1423854085
891053625 921951816
1654506552 938659289
1961579651 605088830
787985117 922356644
1843532282 1553261544
510928877 1255471483
954614805 1984002993
528362425 1660688809
372519192 245313608
1585549450 409086793
68869477 2051127889
1875797547 1000084842
1533385235 1595374762
1032522161 1181004350
457374787 674193814
1596145630 1332475678
123651319 1348428412
1953517242 1103168535
2025525179 2085230970
1491008867 594018712
1849490195 1721573813
1558093158 2001937744
1515142906 656621352
901934960 2086455584
348058729 1887662098
1791306339 340000763
1340085605 416928207
2012302969 1519620238
553140941 725987192
1400181007 897341482
82333513 1010515728
211460493 848842989
1952011524 205984832
143732155 17494087
611512799 1830053055
1404143221 1634741022
1489195118 313519347
970140699 814752731
753724667 856854376
597032826 1872075660
64592775 1101783397
1518711604 240855517
1760475756 1404678380
2130665573 1383530925
133388759 166133049
1176648777 1383362932
84722273 215722272
421707105 1388109270
1405603358 2036733798
1719303205 565439260
52696634 2017116157
183151856 975962778
1790715510 1541891752
251262481 1153292556
877884568 396956529
1498739926 848295307
1089150825 942477343
199672075 869967882
106015159 702142933
868275982 182854000
1566216932 239403919
455126191 2044924759
1285550382 1650939206
1540189356 876833296
1442272556 543670092
413302601 1112008913
2087971692 1494969190
889377295 596454458
1749747014 1731203554
2128160083 1140639776
1988935083 480147934
1422625277 1479416362
201900596 930602260
1632745193 1622297352
1805151353 307915756
547319675 353537527
250978639 1223884637
727340195 1002445866
1879279163 1536529021
2080199113 120045903
1232054817 1174068071
521553614 346018066
942472524 1172542861
756262767 1410930909
404087037 544735890
1024883824 736939202
68871916 245538472
1176140733 300025453
1922322806 270772513
578688269 661402278
1014939806 1579990511
656391500 1126007944
2128453810 1265918445
654963818 1383731696
1503777599 1860249325
886833749 587679283
933697349 588348768
1760891629 1408387363
671834624 1876169874
273422116 369670748
1106609951 1075921661
1321460133 1298305941
1598331394 1175481867
1446254380 350117218
1011519497 1373170552
805677415 2024942649
1003466945 2026459303
1144894100 1462068916
698316964 984437108
697202785 1799857918
240053553 54610915
642959684 1584036534
844940249 1173750902
902437128 256367665
626038414 1516774873
445212886 1175859245
326681538 1732648365
760646584 1766673020
2116790238 1925012932
1150699837 59417317
2084359966 980826087
859801742 1956377252
1270962520 940343264
1924780372 2004695842
1657070112 1969279484
2023890400 474499509
2058536044 1897123665
923390920 519366436
775734101 755992645
125283871 1825828048
854203645 1401772515
986937232 570496757
189686129 1180885183
958414468 1747583817
1807001134 158992720
1139818807 2109114305
1918007909 1743877452
536737068 1999620550
1856832744 1041486782
863282618 314033792
788533302 1366419209
1116059226 739689370
1259055806 699585698
1455578343 2039450146
1717794547 2034789908
1289078775 1580862214
3875324 424514544
1605399728 128532360
1876116177 193561453
352554173 416330548
377961205 1535633663
1132027467 1492372981
1344509883 148485466
1189972248 1668764536
1982798328 1053858979
2000
2053254867 272794540
623847982 645460589
1388853767 1323433680
1904516396 1280820265
631528376 1791822656
851131164 64906942
933417783 1275645709
68782266 1061950143
733561789 262343720
790582672 1149892337
614897893 178732687
1527853542 2107270874
1310760155 1676339008
1304297109 832041043
718827609 210672441
667355723 624598828
483466981 1291203706
1270059417 1872320748
467153738 1027092165
1005657366 1098682114
671431173 1856788530
1163589057 1604848957
984950591 1232371323
519315452 1718512380
1494715043 1309898125
720921069 2109612937
1488630812 101290963
2069400163 651907319
1777629972 1226213625
1483948362 348973933
1436886066 3820438
973572761 1920353047
1295024144 96148530
1645190148 1762177882
1123240696 503363866
713376349 1794671869
212668748 1876965406
1252037178 1197619340
961853081 1771352631
768648072 309084477
933767108 1489569142
271213766 274914272
1590860105 193130281
926821592 1221006429
1419343906 263286306
1569980362 708746324
267106744 396069475
481615724 1562130888
492218006 2126805872
1176825123 1615458702
482686090 1890201472
1262646923 695354838
1619683230 367200454
1892974178 434052663
2138553085 514138603
743137140 924836545
2003707745 1014350906
1199750817 1447084202
1207481188 2126572409
520606984 479341446
242375068 2090587346
1188087771 509481812
339173174 1669703495
2071612701 831391180
1649025719 1100954176
299366234 2131711809
843672000 1562013157
679582999 315871582
1929213611 425073530
749924245 1920283048
939212133 1493061386
697635945 795436230
359928644 1897386763
95036784 1567409832
1876475524 615643768
2046751279 2118850592
558747467 1087355402
480848757 897920641
609575249 404977810
1729311821 111117320
1505931986 2028678055
95345481 202120338
1443207564 774928480
517991920 1224937528
1200002010 1267916165
997736928 2139214143
613493903 1695372874
787166725 973422548
1445275989 882203510
393348732 1174267865
1497847278 292616363
1145634810 2056594745
1379971765 1626483567
807031738 1989547014
2031461377 388859911
2100664334 1389909715
270054318 48526167
1592030053 1713261883
823454648 2110021973
790715763 2023456658
1230454490 1788452691
2015187154 1843948394
1336341917 654870231
669887294 634134258
1537073741 1063236026
1808402124 887437372
1355852390 806553286
796548469 588340507
285553205 1603580208
430403874 169530934
1992440119 383584560
1559440649 115010790
432110728 1003987054
1828272673 1255565376
966525379 471504788
1131538386 49496221
112473831 999241892
1893444615 1448815749
1654112124 415848261
2082950007 1043702217
1479084288 1743868483
1931139589 687453030
402938121 580204411
1275793537 688491326
36300971 1706197411
858022260 2028741090
2089781972 269979261
2143751880 374409052
1273966315 1824540905
1629974428 93008046
148562045 614029166
142504268 261035877
1613271059 2035948883
1709851626 1119899535
304313497 1645317985
16118104 1783397785
1241702821 1947257694
323367167 1644640942
379978457 1599160704
185648621 416279428
1157874468 1043670881
297536870 1100172792
1313650143 293805103
1474581844 440132810
2118346008 957072624
533140857 119424406
1571101790 675645125
380460283 1036889201
564110360 2090311909
9305088 868423857
1588146246 25423193
504337994 682365419
1972680887 827705161
179522714 205175696
279382218 365171335
621455124 1437256686
1408842216 918991994
389945830 575008711
1212797097 1864527674
1015141522 1183659458
674116650 1548282379
1303083864 97734792
76443856 1683544147
1134623994 640554216
1626372408 1143929082
1508978074 1067035006
1169352275 2013316068
1749400426 994549514
693537582 1928923140
1199725210 972919800
146610827 1821180334
262692838 1555453043
592688681 652638668
2130461755 1805485778
369682694 998119629
841661588 1043799344
398918360 2144745452
1141534136 475362216
1680805951 128674482
1115916432 1159694711
1272603565 477410858
79246070 294472192
343243279 1828646496
1289021707 1036780861
1610085988 341263269
2009700661 1756696815
14959956 124909851
1164666210 607648637
777548519 1147644317
265650767 1147231213
2145763946 1107312356
43546909 397198658
1104574160 1185081045
872560874 637896464
1313755528 1988477307
1797591175 438875445
318404517 1876837245
733347637 661647796
1558000093 2022369344
1698428657 1020602433
216148966 1560645670
629815600 231108922
1685555521 1794481811
838757559 315620392
794642480 1104408326
1462851605 792922779
64237034 1506398514
1190121437 1168811195
543995912 2062682312
1806707659 1857751440
1903675971 1456815186
149143237 74596840
1186168784 882490874
736244637 596685229
757376571 287189646
1617287663 973525537
1847835317 99619615
1204634459 1385907190
1894101426 2043392018
1701527583 541260259
1000316696 1016895540
1334183038 1064553731
375810407 376820827
85881278 919806319
292019491 1892588937
630074111 48211814
1201920475 779217348
122808655 240605611
1661708222 859053292
837290841 271601145
1146242938 307094856
1245126682 846594607
406714471 302277493
85018150 153332250
198185863 1786545733
694592509 1198502560
655957625 2028775547
115572643 1031768032
258112726 201453921
1951574351 550132218
2094042858 434164814
598344032 1148479685
1213382162 721152687
1389085297 727606737
1580205979 78892490
999207882 578965270
385987346 96850917
1425559877 792701817
399128410 1510578027
946034067 597314274
1149640112 1640626576
1795816834 1805597738
1521918475 1911389477
689882122 1780031202
2112843398 493972826
182679772 2059402608
928137640 781023804
1060398645 2141519803
1502176492 302000294
721642892 934898823
380892784 1720850774
1513864093 766880130
1817701691 791940323
1559581948 69346454
155034702 358132367
666660728 1304674815
1998758944 314993914
962788905 1373193771
78899743 1652671027
1005741325 44259493
2146643853 1188421097
2103662101 927297846
1969444902 1016577098
921334001 1324137746
1318577393 1642976893
111552921 1699470177
1216344019 1625417015
318866660 886562063
269873690 1878448608
955908517 424908392
89097327 1622569245
1729583207 2087856271
1937563159 544888464
1313566395 2016462902
50075844 171824072
2060722395 49236049
1360245170 2016900848
976533895 1182206424
885994298 1897867896
358860522 57088043
1393361141 470413443
1756558221 462221513
2095830458 2075424881
1348783576 218220500
1806389841 157208445
643128893 1895487168
1779777690 225228452
1835859792 1569857201
770116917 1001942539
1438836455 820192761
1173766611 1352075202
869428810 386528133
1221492402 1845962706
1568734557 2107486700
1596346954 1927595079
17091096 842224448
250524875 1773649317
1304445961 198871685
1701590550 505745889
417092186 1360496743
662954334 1060221079
1108500263 295248376
1285449531 796876407
1865105577 2055566448
1798818946 1156458384
728275561 825101910
361049938 1597704372
1211630043 1582542340
1296183430 632880953
1542545392 745046736
412992384 1559636488
1587271184 663517259
1185802157 744233497
862388945 739909059
1249979386 1279481131
2100405802 1912933720
192218562 1061422418
60698448 1477668093
1858298825 1925804025
1385750894 1509634124
934778761 2114026455
187252386 1295828699
1564247179 1398882429
730887391 712946961
2031763382 125949136
1457993698 297272119
1685585624 897781234
960789378 723904134
1642014732 1823178323
1463813193 744510470
955175806 1416735348
509960543 1147394368
330674118 570658991
477578814 41489295
348979369 1863329708
1551123419 1283758130
1829872515 1738375805
432103182 1246636047
989774587 1162990573
1959583008 874054321
1288939709 1270093058
1171326440 827041686
20390645 2132115819
1550945820 1662405377
1807810494 867275365
259432199 615502653
136527065 769392742
1762897021 467201183
1340051734 92992187
508690479 1689031103
1956321895 2059813898
825305585 1638710763
1650706056 1257408767
737863162 492996995
272915693 549962522
1367051316 1561855402
1820055581 390894109
241413440 1840446226
375526280 1792359260
1355367955 35853126
512150978 1614800154
651355779 648678043
236709249 266769153
1115879227 1576760983
359761340 1624569706
1118308438 168599588
1536899956 1943614023
1807310351 1040122364
1053539143 397689865
1533119359 1326454836
947652387 752687028
740826590 620224320
1143581137 982240031
313186898 1519107417
627115643 1668554853
1554960543 1139266621
1135871360 58832675
1787944665 1372580609
325601828 756340244
801857944 685363168
233426302 1920166382
853962756 1770326258
1716296757 513789459
662964975 622352252
911479324 48600686
1948807088 1859131712
801287714 542150031
331872384 1944868851
1524390062 645059283
1316492620 4022057
166130488 723969516
1143288679 1302001848
782802191 783749696
527098809 1108404019
1540089940 1328956753
1793767187 1773516242
1101639487 500246296
1396358852 670452597
1014035755 2059323827
1292804849 1925515080
2107924514 1094128290
1637163144 761728580
1636278321 1969035528
559113784 1013184735
466611163 1875606404
1017206792 632741652
452092272 13011823
1934743500 1234894463
796761519 314358662
195814834 189367811
1643315415 1989582022
1962884053 597471255
342344670 1211759258
1267923852 1356380425
1123599437 413245053
1134411857 1084040303
1507373343 624091353
1845768884 996168016
445643234 257399020
2009352751 912254397
2133005424 879075896
1544996049 437614049
892087719 1332255902
1672508512 1688849239
1646614564 1868323347
1878217050 1142446331
1710421721 1693617456
1739917586 2052766391
757893066 860357790
1261663168 1881492503
1273602844 248591378
818049159 633492539
872682731 516334395
1629660556 1318325965
773733415 1491529659
83096715 759255191
223121907 1628092764
1196869240 1115209627
812865018 721894105
656575218 311995934
442733804 387308620
1454442266 5671877
2080926076 1046876204
2058438268 691335494
1907233995 1172617788
425344350 1033353191
1421209166 1243393509
1666845730 146408250
1759727904 1149022638
1464734215 385977671
493068650 1547830930
1145232862 716190557
1028440047 194618455
1831400184 1841305065
916512560 340491754
5817352 1359246364
727800375 1460259618
1364918241 661242803
359652174 1275872861
1352578298 119402521
301007001 1777922648
1152755712 1722216168
873832509 672117795
1868624418 486076765
1821140433 1185874985
872054436 166725435
586222268 2017287298
882915993 1614662315
64422105 566832529
1308483732 980934665
907324284 1314301084
192697381 1635124659
627077054 1557615622
148883814 986729229
686004835 1501462112
1106131750 987011837
1131901112 111403815
561744357 2005733621
783521610 282885127
344326738 457178395
1468760112 1216381174
623903831 2054982380
1086184825 1506819824
1522161047 1150606930
2073652353 683161132
2131541596 833492989
1997462216 176755329
321134000 477055623
1734370952 470017815
1463784852 272892139
1971479927 422432954
1259903976 955897392
533836769 1821648333
814147365 1317358379
2104533460 1158474104
1774536775 1425809925
227371630 250956958
1333308657 1313556455
1757776782 707986057
316679738 1683945487
1391147189 300737686
369954829 1241125757
477493015 691088829
1718181380 64380319
1161106644 1034482584
337272459 985102924
1456915539 1597176435
1941000316 1990752308
1271341121 607664033
1160627040 1228390933
1766138137 787680167
506717210 1993509768
1038637125 1840025868
1159582575 648930259
400528277 1476262313
185392098 1791675466
1776999999 555346927
885317575 107009367
1246435757 456015308
171389686 260058753
1490497892 508662145
1245161677 799929783
2105838581 1038678345
643198444 1229696054
1646342379 1803825484
310603339 1264996868
444022003 817320550
1111022988 1482659128
509862770 123121916
2131589387 910391047
1599384229 169497837
554582865 1228900581
724844765 1439900440
1335909948 1971280522
1895915748 1507299634
83855627 1238929993
2015961780 1329017305
2038859776 1974316713
220212002 534574572
1056529119 1866554381
190916408 1367132458
984067602 634938411
36969360 2095090590
2117597539 546832130
70728858 2101703278
1457223177 1670113088
123717468 2011806042
751530021 848562233
1304222835 2087439969
672359107 1052654935
1447255955 756214734
144101280 1315734087
2085232039 35477409
1142567152 157960394
570051981 51612623
2024514775 760968390
1418745082 861098729
1395906801 1455714442
808705672 1366020693
2002546573 879434530
1320240323 1312286102
402063970 1443957791
1176608497 1153593991
145036376 333347684
1093550312 817395483
1386002619 393322620
1573610218 1530103900
1709056707 1511358609
1565581309 704140212
1669319003 2135633290
755752835 1546350131
749118032 27014269
259965212 2145024834
1482728712 1068670884
1363561879 1337791637
1948105415 536318554
502594091 202685737
1980276346 1679202588
1356279729 2125312722
2012550272 302346393
795224558 1251069244
695669013 221351128
633689496 257242073
1732709737 51787157
961382285 1254545093
39936799 1717135120
653411576 789054832
1744149390 913376788
786596018 1079394454
1982047673 2674249
269702443 1782669440
538992803 772296534
1985355177 371785501
304015475 1194151258
349614576 169082099
1496497652 1144839134
1420151343 44683017
1366190262 2053840839
301925090 951416351
2105627996 1263307375
58477796 2145564796
832958848 711889372
787135980 429624590
1625266161 1573731998
1509019044 1459830186
1576406247 1778721487
1095015978 2115399050
403534373 932887507
339700904 707549848
2127038766 689315480
876631948 1476052770
1834154614 149299643
1520735787 1052861228
55656835 1822660878
2004277579 13801183
938484605 2062755376
11882331 1771443453
627161100 799018311
53584395 104943613
225266661 1562603439
1564773799 1801672908
1193841278 512306129
1769588311 1597375652
1445193637 2109289215
157441852 1424748755
651121047 1034073800
753317877 337792013
1183373444 126570016
1390653241 1239030279
1949230894 1247447172
1252831462 740231852
1162718900 1264713794
364191657 1789880001
2063732105 417776053
1894823614 141515119
1980379492 1312113766
1943188027 1026737123
1824419895 1565292690
476629127 1122129884
1527098257 634070979
399394991 30735656
1668144780 1152712868
368527669 704034576
1279282885 1759180910
1943064855 1081030131
859144435 1048412669
1821261983 2021863335
165642815 37969993
1664259688 81891273
455746046 1411599655
223406392 288641890
576229773 19110771
1315379013 253166020
1584403462 1792008140
1375295905 964018071
278595472 1774690896
994753728 1946740252
779920117 1363281397
503291180 2059203002
974978660 298872387
992749485 1834123095
1347285056 666527821
1708502782 1512927872
704497814 1225278823
1594819145 1160243860
489394830 1818225537
1448885750 1065624603
1837336308 616781116
1318790623 1274256122
261305608 546602880
90790546 539901080
173810129 1085544274
339157684 953730246
301342023 842448864
865449600 1276320683
1141321251 1858199085
962960130 341122660
377243258 523979265
1854050532 1081741072
1749258088 1301386029
94501284 91169270
972127918 1543387035
1156793873 661980578
12684503 328100848
1936236701 273990111
874703729 2027027247
813891192 1048513858
965087873 1153048876
2002244104 1266429896
1995497741 720210056
395266932 989335344
430925493 1358227062
1330458004 808168752
1882206327 1037024888
1889909824 1483980767
190927269 1984411109
1575150037 1163055187
1380314496 584460262
1825035766 1392998999
912561111 1613788819
1666989110 1787264840
1493332418 333396654
688295050 310936643
1486445531 543055506
1577366539 1334459624
1263265562 1972633471
176311320 1694191055
1183376886 1506769325
354876159 918099565
396310565 97302336
254596685 587237835
2081713445 1829746722
1750293022 1314544293
266723337 1427845140
560059644 1179284448
894150311 79565106
819065640 239999081
412961761 1507360690
550935724 1899407292
2050416196 2128302264
1086383268 1166198110
1953452087 1262694588
712905517 989345325
621980265 1067781677
1907444891 1018290831
1165084013 14557928
1605528666 1099313810
1844304650 1208338040
266374455 2111027987
488699533 826434099
1142828787 1382849844
905999205 1961894427
1622848926 1318960966
1321771469 26301002
1070884610 1224704017
7119618 9784230
243418479 1960571706
1272478819 956323997
802433383 1894459084
2024105674 562394626
765266267 1041706039
576952554 223311285
2141019849 273773557
1431649326 259910656
237317896 1920348859
1086344755 1380146684
1155715055 1992343960
1194557463 631080333
1163821279 368845285
657381336 87222241
1593549302 664500954
97006472 1836967782
477589012 1369485291
645808131 1280022396
1116460727 522430157
1842417022 1881726995
1564136196 271885929
2105038280 1557672397
545659486 1389203958
1817583053 782977382
1162069169 756444160
15640418 170300577
601304472 1210197882
801380910 1765125751
1579043167 1458762246
1852347993 1025108821
2123263201 1949354465
714592955 453368565
1171356108 1360401086
1733390961 140333187
1882831243 1428324336
2022060182 1299483791
1700210265 1979614815
709672540 98386103
1221335125 379771945
881363485 235920647
1136216105 897003904
406221224 1737520578
2107201786 1207602134
1355162681 1538761305
518880733 1060027026
416386478 494660286
861897843 1130979434
948028851 2033253951
343896872 533936165
26103491 79244468
1962260501 2048163673
1378728259 1514987118
1880294840 2088400800
1613373221 954146318
320689097 347253058
1190066965 1456905203
1244256962 1596288189
1046942133 1203975100
656406675 254621166
595252757 1175287408
1314648193 1011639236
1669947694 29062388
2142618670 470492898
2062316340 339031894
1004429063 2088419831
418276362 819205916
1989099856 1797004622
186709386 1721911049
1737921774 1800082607
528573719 2058610871
2147335665 1718640684
1368032426 1244108980
1167445225 267490911
300600432 1823851900
522112078 895853190
851655661 1836760271
1907492426 374119707
1865822659 1902627448
844612605 1780655351
94175694 1849041668
1721591534 512452057
520763936 1563207743
161973031 707473322
1137635144 1899894805
360072281 1666208863
1811022028 359924299
1237365899 1031570807
1604033279 257327476
1299061718 1904633711
2081179376 1821173796
653003253 785351389
1510450419 413012031
1159471097 1228789431
168155831 2004083702
861961134 262331526
1705641723 436069021
774783583 78922011
1999276764 936756614
786395334 989428260
689167771 1146467615
508153475 352706151
1506391914 1745519374
1384276958 962941545
2002846850 535855029
720091609 1936542578
209545177 1373094862
574410320 1719995597
1786106894 1733881417
801301380 1954262725
1590481471 1663262514
69110603 1148639546
2099331535 843894186
1227561558 1951124651
1780650800 2013956892
793069263 322334923
1012940859 1301222738
675041075 371849126
899258464 2059318033
1334790671 754621666
447689414 2054882280
543680597 657234592
1280493495 1118090917
229746541 919116741
704488686 1031047921
725895818 147486509
546826787 795006422
1296126056 498674675
1638900608 376203966
302315678 1272067761
242677210 1095384942
1594402684 1255618069
249124032 121960111
1627467195 1148382497
33794497 814774219
1903004163 481483911
722172851 299201112
1138718503 2002666346
1417292029 1368465044
774299439 2121780715
252029317 1500195258
121783577 798856105
147718032 1417909633
1297530780 1786618640
1794113599 1599846458
911202753 2036790809
547747752 358121790
1144925230 796871785
480081901 624908778
1945254282 513876398
1439682997 1700774797
995360310 14372200
1999975910 2134078813
2017038547 1269784291
1355060210 643854338
1244081359 1607089527
2144049596 1365864936
258461984 144283980
636290921 1555992764
1930902621 282920872
1008355575 694621726
172228033 1556103327
1052743516 1317153263
205491464 1532825418
1942062041 3262098
2046701816 1234261390
1704036896 894578478
1248633591 1556529158
881173644 1118188490
678829801 88750206
1762042828 1922911160
1695839733 1758608777
1141292448 1954301718
1902892757 1777583369
1362810834 1686311730
2060504241 223682761
233449809 85248626
1779786089 1286193325
1402401890 1985277553
671535095 1196980283
1988539652 570753264
283758026 1545092900
1465331742 1532391617
954138410 199021738
503096459 1632968211
287771944 117655639
1408395724 1983611678
1876264416 402204524
1790429748 1631673526
32304246 1005756934
1170501608 2092808487
1229439696 1403951417
30573466 861742137
542661095 1432975356
699536042 1214196190
482471991 540592046
1784949454 766230017
2085684946 1102797549
151137986 892339708
1301819287 654234445
377824272 1589591232
771890085 1786219996
1425719262 500670853
40940872 1068665362
2132344379 73245118
2074422296 1155362340
18569958 1156378344
411830109 49143424
2018120481 954491204
1482118780 570172876
21203747 1964590771
1110764922 1806153201
583337141 1048966221
761467102 734475127
1941305929 2063286390
1388709573 171646553
1505393974 13116010
1957866549 783629588
513786863 1998807422
1852294950 498647595
2072052540 1779233598
1654009935 2090622498
788128295 2065840044
2139765922 658765128
872847601 1474401054
1228938004 894051348
1291508178 192219279
552720901 1874845319
1241185500 1314188004
461836798 1035007781
1229990746 1850546371
1206654335 587901072
1863662381 1017037236
1371530660 229965597
868361010 1076341962
728613192 792929903
708091912 235139479
736068753 1496220207
153495875 728351028
7501688 1026343476
55268434 1236439692
1920394824 1346776612
1428658971 325632078
1074138283 522360823
1639820082 1535975082
1557368605 722327180
1239037805 616539292
1310228252 955216539
1633576528 534275264
1185182136 354453891
1610617226 1913795328
1147383794 171225490
1451159 1883452547
1667445698 154947034
464319927 1674947386
1181290511 519588362
763903430 954201687
1866364974 45078754
1279833765 793019610
567439577 772170199
181511044 2124808182
1494497379 1420548849
593863826 657241983
228281740 79956707
1191517247 1413463876
434410598 654650825
1179775556 1581794392
825876316 1181226715
1317763291 345838366
1336173750 1782083219
2020785752 369980613
154187933 637205534
1324182300 2020552907
682284288 456532418
666088869 1249723866
1228702617 847599913
1227048400 575716349
120665115 1820912227
1232958332 348946855
1900868934 276991932
1762410732 187795884
931642757 794702640
1769590276 1757519073
1975929356 939869919
2103357439 1164619458
574469490 1976659543
1534600071 728657423
466381430 711298723
601726683 1148665718
1167831141 1267815552
250905936 249050111
2115415466 1477954337
824766460 88596933
1151382916 2057724792
437543788 904768202
187233076 52470872
1092564086 1118875834
847173513 714670714
728911259 675619221
1654540633 684785051
1840238679 81526476
513960946 1227355102
810183899 980342376
1938653825 1411910582
2129008095 959001319
532242487 232430383
1208051430 500174305
1710384720 2032817890
588771238 714283988
1943059034 1026315026
1619052190 2130292111
1078785899 564132628
1101684297 1925959412
1278803342 1830595556
454094985 785860328
367896959 146850016
867386804 881857906
1374205118 1677570703
1862200282 1165375295
941997638 1843724729
2124376614 1474240125
2076155113 1184944396
1974414430 1639056185
1070278638 415702020
205856526 865854025
1442017046 1824908716
848662488 373319297
241557697 1950346785
151795061 1520361039
1633458693 605890046
158737719 2001355653
752740062 1026124523
735729911 2126945180
556211579 450446545
1144836828 1498209217
146687627 1121729794
824965694 75359092
159190543 651896476
1714415277 1229469181
1067598496 1920271803
2095323206 362131894
1597696872 796502046
735451192 1839254569
599365183 887246253
1212131960 85340229
1493136300 1370869680
2086695882 98392714
249510555 674942145
77854247 805722134
1125388690 1222691075
156447703 1272076317
196937221 981413397
1347435409 356127764
1633309873 914367039
1585596946 553424721
687155194 1533436504
915556616 137368418
182454903 1651007808
1976622987 781820086
390770413 1041271300
867160315 1883906713
264657332 806372549
1982299428 514167887
1481314694 2060153675
1319890022 459219737
1135361102 1476337725
1731296054 1332298323
310267475 931247816
1688426088 1943577348
1845614855 1126539386
349518422 385286401
512492242 1265075038
522654820 694947145
768599198 351794159
1476767232 1159369611
1393065459 196443899
895792677 1657722791
1002816449 730608457
24407031 336647495
643278484 1344297053
795867232 1778639586
673151130 379679639
963454261 983418605
1310927455 504396701
779512306 1009058662
1630936087 1129030728
1394345063 2143428330
246622118 1916999883
690891827 1015221316
121310395 20175411
27107279 1514375854
216619311 922899956
1024614998 1219435760
1653508413 1049022029
1556083255 149303249
245835434 204466840
1927942835 918986564
584146479 743913449
1902405170 1895073934
1248310150 534433828
756648948 731762590
1663464556 3510363
727707272 1910086674
1920510247 1418599099
777824342 2041820642
1438774511 804931621
1408712848 1655393822
1727831578 285844198
727345934 1233856343
1334866227 135945541
1383159593 1580701661
340412381 1163618780
352204578 924558860
1907532229 107126100
672149146 1008358732
641559928 1428798094
1740121322 157540836
1432308458 320344946
2067627510 1205335057
1738944045 697968204
1099672051 1030234908
1502899825 360901251
538145082 1083247755
646745450 1265491016
169620451 1981611677
1401436558 1552780044
1414829691 1741848939
568915176 1767034269
518924152 328963758
1874160369 1191073298
1337322490 368236649
472387745 929960164
525777485 1904696203
1250305110 445921347
962547612 841765507
1143889551 2062219663
1872000416 499305728
275637266 262661850
1582553484 922382716
1528152867 1752173935
756510746 782105777
1157470331 23856789
376471068 1726385507
1790891058 895395220
2055349265 1517567779
2086468519 1245188107
1885804428 411372616
27664623 264098265
168585171 1277969733
710019612 1131132783
2119735241 1853909163
1045868798 1844252009
205731243 1321506064
2106913859 1788284727
96405133 1487583078
1392975014 852915879
122205207 402961697
876772668 498676276
2129347205 520180078
1394071496 2037212822
2037747857 1333056367
1134917282 1776068637
1744428983 1162581905
2040166902 1913014154
293067991 602702866
896663289 265319584
309128381 1942532087
2109571593 514859624
1116554504 2069001804
155660704 1212959637
1409101235 1548635718
2065875516 1531306442
1951597416 795164536
2029982718 1933460973
1315344614 1276570567
1823190147 1205608823
462143286 810623781
834193812 59088622
1973205687 726877066
1972102776 118790030
1329579932 721282418
384109614 1638708313
516330857 346197559
6084289 1632885361
267715715 161744993
698361350 1676816950
1710380712 616753218
1060639745 1514494480
1411917754 943138815
1300471805 579778720
72225734 976178304
1785387543 534369021
1786802086 472097707
593457643 1612524125
1198974773 418076771
1731314155 381071057
1139359189 2115423769
2019779370 1655690047
314137680 2025863660
1141091760 581853395
40125005 1839453111
111186698 1750505717
308722681 1171826443
1117516549 1720640436
2114965258 270504706
152935508 39707345
1246683011 1938323052
574076366 886001449
262937111 1167534009
351041926 1461911885
1585610780 2082356081
1842982942 577486322
2050296202 1715278665
85692721 216950234
1593658677 1226784481
798803629 1633783682
918753944 909990327
1236805752 1227476626
2081816770 206838653
800633414 2049298381
477343360 953568922
2089005726 1724026371
744408326 515598444
462544172 1007345438
1683132453 813586098
321773675 1121259585
748458531 17272969
1698745907 651271085
1732551634 1784438628
868221319 1178726663
863739462 1667024948
665026698 1782493406
429531628 1901832450
862486384 363864750
2108671103 1663119798
265679483 438530815
469205073 207201561
15073538 1213613399
722800005 477617710
73475189 258448810
1291203808 395248864
1379708396 2039662339
412521834 930970655
543449776 2145073468
567925636 1411671095
1176316484 1431665098
931212396 1841343182
1066674856 1360744024
1595691984 1929161241
1724608774 1556879439
1444797391 1990288258
1995410255 1914002464
50006171 2010483793
980132216 772806177
340617856 1053607405
1031254987 1631821664
1448856270 263479735
1524000356 1861378104
1194450391 2067450132
1858967924 1762376027
1331637580 887800760
1046557477 115366328
581660294 2113232333
1476110352 29868630
1894909926 1053235478
1586748070 1192223670
896040088 1434674677
958742486 946046260
1297674822 1938874702
1718852437 1638292678
844998460 602623776
1122630695 146371082
866103512 499147403
2007749186 2060553903
419113887 1719233462
1675446282 1750751467
459550575 574520111
1866117795 1041210869
540268796 1194744499
1071079500 287695075
100496330 510343922
1479918745 996536418
1945018599 291177583
1942582678 1095209773
82568638 1513951467
586018804 927567098
2116575244 1708649499
1073938180 835195108
60313254 934203718
748265363 479427141
505953532 276227997
82694961 965504107
850748108 1948812756
2006714977 1391016904
996073608 930310829
1678711979 1096569938
1440654751 1011147076
2093106356 1238189702
1302324660 1888205387
185915827 1384893298
1254673206 771934631
164976748 1223764802
333100482 1238914928
2058959910 393413736
25634998 659741625
872840878 531588530
935969622 955535839
1497092638 1786717730
756864947 1356323967
1030250987 1752938555
139151148 561479318
702024845 1579805899
1572626395 647647554
670511953 727467407
388369293 856427780
2112360705 1643042499
1628362412 129853805
719323654 1961462894
1368768733 630799916
207392983 1394403731
1290541542 1080233861
1925992261 79027516
2035769700 1275601251
1865745247 645150999
484441570 748512586
250605907 623592718
1309991904 952630752
55914969 735134651
1600278306 726426922
1462602058 1988647599
1582854703 1427479115
1484206451 1063733467
1557332920 56046457
877712713 778618005
686846373 1085105696
25538088 1977387915
17855909 1951530350
2056415432 2053625609
1079647953 1774677031
551292961 1564089524
375705969 801898868
40198594 1685697873
1754529620 96113564
273348877 1207324279
822540486 1735950935
1048488230 257911541
1015946403 385211033
1321645008 425795675
441257490 51874074
1204413681 1128103864
1136979770 1229951769
958008131 1154835680
1033998471 866939915
1060977641 2113646425
494133298 1612270602
1530252301 869839267
266685822 1570450895
408053493 2021215443
1666564459 681402370
1081056074 341621298
269869657 2129544304
599532839 1285816060
367271690 1921177848
1711611736 808529180
1973051922 768541769
1936633044 962548044
1998493538 747157528
2117383724 885008362
1614097443 1030877718
851171139 2108230742
495664672 233939792
830586361 762350495
1804390687 1238639854
636082290 1323471499
1920042224 1717138364
1665092797 42428234
1699199020 117141988
1328244294 2066470710
2038319836 892372382
727516243 1863888110
1660914151 516665639
678952507 1511924042
1263823167 648852583
249448756 730436963
1679730301 1100619895
691184057 27911326
1334559687 1521770418
790261821 991466726
612926625 1426344111
167454577 385485201
995998827 1832547374
427913435 547714199
1949689363 1756157730
466701262 1840525551
501046464 1194217505
1556930014 14476968
1710883144 88398873
1526401010 827222664
737251456 1775849766
1557659627 269498110
728986013 101360036
297409436 2063545700
1623130454 1087671257
907528778 88573431
366531720 1074983356
474058633 1362530547
760047082 901972068
1910244746 562252797
510646150 229462360
255294701 1011692615
1423679865 1812224715
1026169583 987079362
1900623588 405086945
1814302026 490391396
33453063 1224478005
759889506 762439076
1325838041 1057298942
678501128 801484847
2144970199 1586029906
890058279 364018271
513529614 1364116912
1726548818 1273576697
118605332 1489309917
1835829494 629251483
1718772277 2091124195
1640944098 994968495
1755865262 519630033
1982047857 1509005202
924716978 1648866235
1999396599 958170041
725860592 611802457
1720609117 2051698633
1669101400 251626597
705699832 1666587951
1837656503 1595758111
2030606223 203702470
812391375 1609671393
1477279167 930996708
951497662 1165625013
1560248191 522786292
1109265561 1053708641
1517754787 717647175
1573338674 1352318996
79168730 350572004
853701583 2078565329
1308742045 1579562175
542884138 881867514
1483777160 64501890
1133494111 41993344
1731089842 823666966
1637751456 1614212417
1027369436 302659183
1076400162 357164955
1233655891 2027897825
1522789969 646420434
403200469 484571882
1700129075 1920955256
1202219057 1125984101
1125790604 1281387787
1476556105 1979492187
1212469468 637814502
1411570714 1755353607
1519682016 747864226
1819855497 505692479
789857570 1403461691
1329359446 280125378
870190460 209245234
582784562 1946590623
566410190 1816440453
1827004800 2089200159
315377240 82721621
426288393 2015506315
2003676877 1628507450
994006769 981983833
762411590 323079226
813992372 1974881058
960893729 78079438
1582751017 333092097
825943664 1255122867
838784577 1615801234
511100910 20660375
1895926613 1381291371
229905609 331227527
1180398346 796315799
184332 859919498
738032310 315561572
942641119 1164320703
183584240 798834348
645344506 1177591009
1780818181 1407756096
1500670235 447326905
1235153506 314080316
525406343 670420876
647172414 1351350007
1925543743 1485956991
819667593 289161005
1506617366 568110558
1670452376 1736522975
899338085 703367074
385355127 899522418
1563286572 1123387437
1215083990 358444043
140224493 1398668230
1157278391 785568999
428775591 790612924
45841447 1929445827
1237939829 1280994953
96042495 1763346172
1951415829 743214909
967212531 1729475924
81688252 1786880125
2018636930 1588305618
207507035 1541605658
1177344946 1106845121
97489085 1562700073
2006367539 1660775657
538603862 1073967881
2019219701 678828355
325152464 1029014444
1464397354 753928055
1819627369 1510238801
535890234 910083550
643750107 631932730
525946075 447682288
1375147639 1493158606
29674565 1456835892
1132555083 2048311495
897657862 1340062119
1442433505 2075002808
299423592 1539922590
1490219233 158307483
1053214600 2028823096
1232275364 924950653
560167803 1557427828
1953965097 2024565158
163872236 1626108818
1387320311 699762470
388708721 2031070418
1331695200 914654796
331269059 559359192
260329754 360943624
2016195084 1392884838
261771471 766369298
585463309 1704204976
693888459 884886901
1096643919 36624044
1043194384 2374871
2065447140 127986100
927325524 478131296
1685413929 733806973
355212806 1849286165
212432144 1742533117
401564987 601140865
1626119888 1733260188
1515795661 1957388947
145135732 1776125415
170848923 13847168
1021526605 432620394
780216466 1606989914
2136825370 1474104925
344393167 1085985641
1510728970 1387587551
1088360512 1428692462
1515573652 2015686036
1906823758 1053503933
602009362 114552916
755306450 814441506
1857086034 1156871437
1415582371 1335722274
742647977 783894384
1145627573 887783709
412536151 1316476496
901630877 1434062757
1749096890 1681847344
893569023 1738438612
1008468621 1237962191
676940606 371713943
478066094 1765301118
1800406406 1993639746
1633503507 1559746516
899660031 88029221
1674299433 1654966481
902470727 1383901819
664354271 170569450
572140445 1407002248
954463834 1717768018
147302310 1366999985
886760866 1048933187
653579094 488374108
583296883 1547148118
79329072 1591765505
637626661 756269678
1963479448 1115692755
374087149 1616402206
961848854 2007590656
1028665075 1861508885
2095619877 555480860
1368991719 850606956
1939382679 2033345990
1021176406 364039476
1292864590 1975640240
2081807494 1440166900
1195156577 821084712
341616440 1848735672
1309458820 924913323
1248400142 1388787892
369195180 1886026803
2145057571 185190981
854235910 371661072
1801593187 1816084764
231768080 682774614
1530110002 179904309
1238255474 751618073
1030511265 1030154505
637480415 2051687671
1394193981 1930345005
1879844263 1328517827
1223028258 927517192
2118891 1564644698
628769216 1311577711
342074373 1877169358
552881956 711269554
1615712513 550455879
896460535 322464776
922116951 550570074
2138549540 1153885031
1233344689 1521175894
1333789340 324116515
125310319 216816957
1354271021 762790734
121020980 600981354
545652092 2000865243
1929499182 1768680350
780898787 1931618073
1185841400 1409668004
1095712137 1527915773
1139353714 1648594093
91701679 607582580
51566324 988162214
930047356 973683275
1538732289 921113248
2127568306 624593330
294805495 1313873998
948709845 420115814
1530690955 155497218
1182906549 1651711935
756478573 1728558641
1505093530 538494107
1349755343 138508669
322628532 388113095
1548176673 1418340669
1916028868 540046740
919451114 2007730548
1147629320 971017438
848409114 2077676676
1944700713 239657755
851306276 1924785371
864251085 1146111771
1091175721 1812960931
1566227586 474383028
1968458149 601650487
2126094963 577453074
182725480 1483704845
1115947181 1532480823
1622213515 1438575714
1920593918 1022906540
709432735 1689139138
1562953280 1628883850
1549386038 563098952
452417640 250311505
493291980 249634706
489969260 1344598257
26936429 1354220346
343226380 1118112151
1019697629 1909453966
1592495179 840672130
363620805 1571106495
1418125205 546346285
907327692 386588738
2078827108 382057559
1825164452 1851937378
1404964100 387113540
1393592869 820433732
2015997390 795495259
1383532685 320931382
1045806764 1876824665
570566088 1535776025
1073939274 597502518
742512723 1417165655
1715614669 1762210352
1179135973 1160626200
455398834 1542756779
584249047 1873524039
2089103064 1491576740
112629130 2020446525
1873634299 1937793582
1724900255 1131114751
177423474 971009476
1951548484 45937216
1766504736 1187597521
366868599 664827852
916938538 937434687
53120229 1990877813
1534937205 795632952
1260559820 1103068226
410359656 292212145
116210779 865758491
1834968924 700459826
591798882 1776588341
44552918 704428012
1649551218 1918187218
494737947 1226967825
901818321 672161421
50493654 705883157
718098638 1816998390
1893480678 1084967237
334342594 662935569
2022401924 387462824
506329734 1409855482
1183095776 1766889554
365440060 1593455433
2059101699 481650839
311730276 1746586976
1182110666 903529158
1375691669 1226663584
1607957171 877759239
997367154 2102695118
2104727064 1899185476
627372891 7737070
457584985 1345471529
1824735460 203582016
282955118 11594407
866517585 157873395
399057231 1372847319
1567728877 1582153007
992253225 1933168937
1028124792 903871276
267336129 1339855068
502974604 1449446795
95900579 1878666273
528626731 1703857750
608941864 1525993886
1659069220 566185281
1277695714 138958463
573922351 1735280699
1484429993 251174164
1938862715 1767385111
262768571 657896652
1925258506 661825802
2030743971 1345503735
96495161 875513548
1131189025 1124619954
1779384825 1398525154
316991374 134875781
700488301 412891953
2013542055 1229115032
2116749703 475000271
607625270 1628335275
1041185552 1885320984
1767293739 1615107904
1473118036 1104240084
1866282068 1264497103
724141547 2129050639
1922393756 501916406
643392793 1805654079
1847420141 739887954
533683980 831125518
1864507908 165585157
82167024 34015635
300460938 782655325
446907588 166519345
2011770358 416173644
641519617 471911980
2044508919 1682705169
209749317 1664319010
1150329425 1682867353
621075446 869127845
799880808 1345216994
850694836 574790916
1847133400 1494087629
232961348 1547069893
86491936 766645328
230711764 1950999844
932230485 312878788
1985015479 1232691423
1095534114 284439420
1399210769 959820824
700613064 2040730386
1431732804 597638335
1575951907 1641482121
114473698 578797685
1176865826 735549144
1447925530 1976746635
2080766138 151136719
404053903 1780415890
1645224348 637015251
1180002136 1731716284
1403660579 1410713900
1535232481 188407416
1723592688 1372764312
1421098840 671643154
1657203732 672825961
1631463978 210333148
566072699 915713135
807971484 2142024606
409711608 922445182
573338643 1586577435
1657994326 2021264174
1415840422 1591276817
24917245 1819894325
1224209059 1670141593
309425929 256727547
1254374230 1713086508
1667441447 642123063
1901493925 1243550488
2014887375 1175109117
1915193642 1524607460
1847935078 1399173973
1734940608 266524129
167403460 395428444
261065087 577115068
1317873626 834403731
16208855 828384305
708184257 1432049277
272177474 733101502
1104459955 1496386533
255759447 1413885884
1753114081 1510133677
979488744 1273071880
4773092 733499021
369138720 2019660468
1908608138 136848715
1396784280 1609059568
1536022688 984241240
1875583697 1703426148
1379669685 2136648785
133057568 550059663
823568868 149266424
1378443968 1531753125
1581315701 1650621442
117370979 538292008
999524328 373130426
1952177892 605154761
1883264104 784182989
1878226641 1888037196
1517682010 99881714
1760214016 1278806501
236730429 1009514648
740382421 1772753117
1993755889 468482471
1328695617 1225941926
457647608 1461753185
1776001589 1281216476
1611019609 1006961910
665485953 1044851663
510099704 782856932
1583143671 1509624032
1155987358 1387837916
2114778793 891767814
24537257 1845521787
632321363 1542219267
1945403501 245051731
673542120 34650282
1254566380 1413924542
1807403399 1100838621
1882407013 988615368
179296899 192570973
302884905 1955298488
1473787449 1913904515
814776750 2139273402
811272530 1324876455
774646686 246932553
687016839 1930634044
1634770469 654311985
674918211 1659307726
352350124 1307239574
1054043346 150269977
1552291305 1727585466
184920259 659374037
994026360 1992323658
1760212658 728949725
833455378 1939509557
921520698 1136340283
1747324398 247824499
902761150 414617500
239614253 1714033680
1739493955 1014260939
1960966234 279027147
797411336 1448253055
933339132 1472329547
960077134 1285689256
632085473 2014120480
1435959233 36893130
1594222298 1620879492
696267168 440765011
1465719502 308996178
1169714736 151691232
101022088 2091235435
1288031515 1848346486
191576286 43309018
115480338 431190540
1757342698 1854974294
1445451479 1570825284
2134001441 95379167
871594692 919856925
1567708714 1831671826
58062533 52310539
1698308658 1494021766
89203670 1145047308
967417610 785470838
1585812319 285653464
1094467016 608043408
437344696 1195489104
551795195 1725376211
896351942 743371481
1768685229 1011832281
1174562021 1378544280
719322927 472529853
801885916 705840720
567909020 1673480608
1625697645 2135617735
1357668786 1683760178
40444626 908493796
1030298296 129648296
2053541105 1997715906
915119134 1491869776
135885722 2009586151
2099913184 573230418
1057591607 504224731
151122981 1953943550
1247596213 1919808211
818292183 274674586
1150868843 1537615110
747204439 1952754759
95972182 1315113460
1478751720 1721669827
1303247547 688936858
1257946357 1343692173
1597430655 140761005
1473340470 1503488112
2138476911 240975956
847874240 126878985
103078459 800303777
700109403 1160670067
1304528508 851232384
967129969 404641073
623556947 1785422152
679315660 1774425790
1175553614 1426520099
1579696902 1271525796
594149911 910964974
845711975 1897397458
1599901832 2103658332
1093605984 1049848839
96935689 419462806
