5,10,16,33,34,42,44
15,19,22,28,29,35,36,43
23,24,26,41,48
7,9,21,25,39,44
1,10,16,33,42,44
12,34,37,42,45,46,47,49
4,9,17,23,25,27
31
4,7,17,25,27,39
1,5,16,33,42
12,18,37,40,45,46,49
6,11,37,40,45,46,47,49
29,31,32
19,20,28,35,50
2,19,20,22,28,29,32,35,36,43
1,5,10,21,33,44
7,9,25,27
11
2,14,15,20,22,28,29,35,36,43
14,15,19,22,28,32,35,36
4,16,39,44
2,15,19,20,28,29,32,35,36,43
3,7,24,26,27,41
3,23,26,41
4,7,9,17,27,39
3,23,24,27,41,48
7,9,17,23,25,26
2,14,15,19,20,22,35,36,43
2,13,15,19,22,32,36,43
38,47
8,13
13,15,20,22,29
1,5,10,16
1,6,42
2,14,15,19,20,22,28,36,43,50
2,15,19,20,22,28,29,35,43
6,11,12,40,45,46,49
30,47
4,9,21,25
11,12,37,45,46,49
3,23,24,26,50
1,5,6,10,34
2,15,19,22,28,29,35,36
1,4,5,16,21
6,11,12,37,40,46,47,49
6,11,12,37,40,45,47,49
6,12,30,38,45,46
3,26
6,11,12,37,40,45,46
14,35,41