2,4,29
1,3,4,6
2,4,6,25,26,35,47
1,2,3,6,28,35,36
7,38,43
2,3,4,25,26,35,47
5,24,27,32,33,44,49
14,21,37,45
12,17,18,22,23,27,34,42,46
19,20
25
9,17,18,22,23,34,35,42,46
16,27,32,33,43
8,16,21,30,37,45
16,22,28,34,36,37,42
13,14,15,37
9,12,18,22,23,27,34,42,46
9,12,17,22,23,34,42,46
10,20,30,41,48
10,19,30,41
8,14,45
9,12,15,17,18,28,34,36,42
9,12,17,18,24,27,34,40,42,44,46,49
7,23,27,32,33,44,49
3,6,11,26,35,47
3,6,25,35,47
7,9,13,17,23,24,32,33,34,42,44
4,15,22,29,36
1,28,31,36
14,19,20,41,48
29,39
7,13,24,27,33,43
7,13,24,27,32,43,44,49
9,12,15,17,18,22,23,27,42,46
3,4,6,12,25,26,47
4,15,22,28,29,37
8,14,15,16,36,45
5,43
31
23,46
19,20,30,48
9,12,15,17,18,22,23,27,34,46
5,13,32,33,38
7,23,24,27,33,49
8,14,21,37
9,12,17,18,23,34,40,42
3,6,25,26,35
19,30,41
7,23,24,33,44