500
348108904 442156657
1587689053 556753866
2124797226 638805291
1667985917 319186598
793786601 1677716579
166776619 1586231030
659409499 1115912948
831130962 191107147
1692353025 1108192359
1762906307 1642960696
2131607189 1164747536
134978536 2067288174
1771640714 526754049
887381868 806363884
1366481746 2124787648
419460657 1303304553
1860058419 1714590650
205912293 2007149710
178852660 1837371998
1367604929 1873898210
1312645592 972639262
2088552210 1534381548
1725488696 1972055091
932763803 772199525
267676573 1270358073
287621961 548186462
467990988 251800115
778554164 422600497
1228964382 92148054
69452055 1665936032
821756938 447962480
15069482 488912712
348578775 534331709
224220059 220981775
2094879985 527431435
1500070697 1591824988
978722889 1260041929
1084613372 1441139260
65855137 556727937
1827086010 2017377175
418079989 333531710
585331825 2114707972
389824821 886070978
978219032 1363885990
882338374 1618789203
2066751683 1047671087
1536583800 1704095312
90943374 2081821165
155319292 1885162575
265110362 315163433
1906988422 102715629
1362757558 1765181060
1058836672 738227663
1294955600 299887283
169780810 1124691809
1458223519 974557962
941782286 587860800
1473931778 2043555345
1259957687 1331607108
802912663 304667162
1352338250 2142296061
1698907726 722180699
656518216 741438402
479117329 1789851100
2105014533 811837509
914553138 744227691
361925103 1864519307
455263322 129827049
429714332 1420761775
397969936 1750218922
577293237 599495142
1187355942 1856193456
1752265153 1519075523
703198983 513804072
818471235 864739192
859551605 1506111647
80808698 23325837
764764239 410975683
53343135 737326914
1549164423 1243881568
1988109259 10874021
1875393328 316233914
446060963 202550715
1623312490 183173003
1933391925 875775295
1475270437 2021282427
1729992235 363201514
1882277038 515142732
1028946804 1334773740
52029284 437992373
1944104020 1847418039
1870743876 911580889
1322556573 2024912718
614755985 488024467
1731906035 1375899708
1386773729 16436760
332670674 1572531647
1775082362 1114683410
1297856413 778731637
1654506932 1250911204
1124709983 1083764690
1446966205 982293722
1497436454 707218570
2041992310 1181759595
1619751968 378899610
78834002 2094021594
858118836 1416372341
1293801411 1949577878
290118698 33191761
1409091469 1908557396
1924994157 2022024733
1447072732 648381551
1763064961 110181183
888912821 1074671446
178099003 913437726
1997202416 395936105
1378229827 1302808986
2010027557 1296684973
330960920 728182633
1107082244 1904536219
1851074166 1950712889
1219601582 1185916246
988010476 561709354
594901115 365919345
126993094 1278129174
1152670260 2003992584
504890487 2051987251
14684786 452259344
1526930791 120471800
1033909526 903597607
1299533713 1705029794
860355132 883628295
32829620 530279892
1258462526 722899041
479951613 363790541
167019782 218061122
1403977368 183542131
745251485 1386621364
1752540709 244504196
1522633371 1340152600
1196661536 1879533803
1784037406 527819983
980079327 1701552024
1822023824 1798722193
554836152 359526470
2064556264 708449703
1592077998 1854369865
237166110 777427749
1500326790 1624907618
1988698159 1495628636
1713689758 1980278403
16336886 8234293
1394855657 970183478
1214687674 761588371
2101740971 999912719
731962874 589837397
1117657380 1150918860
704987236 368516633
19755178 2097736708
309779530 379527412
1087977115 574591330
281477548 226852147
1004279896 532571465
9995436 518643658
2014272294 357123038
189917794 1998693595
2006927889 1580478404
403178234 206254680
967843052 1254299898
106728969 1617865908
60219658 922100375
2073019235 838691844
1207208477 1177877038
1128130098 630522823
1010050236 1226963655
1801554985 1437909629
1664761776 2098027351
483115169 2083032533
454192543 521558024
878681062 493110605
344320552 320981189
1901459593 1068598856
1274853537 203764793
1458064692 157154179
1775020088 95212941
1017313316 1564793661
256001857 1835239746
865633136 942848904
1573371727 1463210334
542690341 1993763235
1284189216 435938315
386482019 196761679
132310564 801467344
1323025368 869597188
1362707793 586503108
907484297 54222782
1122821639 1707028345
1910793139 661460243
818614422 250191528
345404469 1221374183
638684196 446150862
133906960 1362717785
158083041 894686054
210412740 999540097
845819684 1731454769
19909436 753103082
949864761 2130008900
783992596 406391455
1275988643 1082175325
1668678433 2107017964
13757098 491212788
50757486 428679083
1090139326 1136578737
1386770265 1961550625
1035441160 1908753748
207420963 1732174734
947408872 1674125356
421327762 341327923
1340868020 1105491913
689463034 631740503
1384843585 39204056
21729308 709372471
1115763926 187224698
1269400023 805721904
765256220 244268922
735481710 790594809
1219273892 779013319
1915592056 786239196
600306173 161929570
2070683318 1154878674
739569760 1635747333
1162389042 130620633
471948557 1686978632
644986898 1583716804
67973659 1812816577
1852020634 1334449932
2043822403 1452817244
1640041942 1873749942
531988199 1012102682
1256371604 761958318
1552553127 1297244419
2076257738 1991853314
630608863 624343371
786272941 1844366147
851761173 1230915036
719178722 709472611
840093245 1591330933
1130825918 1881567764
1317800920 1312041802
977374731 1775812816
962779100 1385774580
691108176 681911717
408178012 859117856
1871220538 183666471
945624789 940166211
89926982 980108494
824478160 350694268
975037639 18701073
1863067220 1455087023
538518412 1761310580
323299543 567344745
11192030 1257697134
991781250 1163392788
327950942 1142017948
770347116 162098522
1547873102 1305325674
1987237391 1733126217
444760425 91497631
275164102 247931755
1188097966 168497315
1148605809 1220788891
1571483159 1278024949
1296726022 1973083969
1280687345 399037150
12864082 1012309594
1579654339 1819205757
929419243 336163625
1499556414 1590846369
585380670 1921200493
2083299015 1827507356
985349382 1355727786
941370355 1483688470
1575186101 825103126
1073034881 1386130780
1554628095 1850350203
923655446 113649200
1391674149 555750256
381350578 347654957
746692107 540916523
1553226117 1662037923
1333760032 759556189
1095719814 985396808
428759529 115695627
2036896120 447792580
127816289 1014140199
222384338 1972711487
1308916309 1113165671
1938268797 1163754693
402401826 736618762
439485317 863820031
977469231 1957029921
365296530 1363140763
1710795720 221659732
762576255 746647108
261201383 310004179
1069560368 168318724
1153715532 1594961415
1710657042 17796535
465589115 1582475061
449131613 1600069514
1425297353 593405404
1706571076 671515951
1835270644 586730015
1323348777 1497356225
213692608 90188822
2047218744 1762834095
978491210 1191161839
1412821571 265031626
1011678734 541803283
851807462 27914178
196232902 1272880117
720357884 1921367831
1939164366 1349948434
784939848 283531278
1883600792 257269833
850675238 1234071461
1905587412 1161414497
1748144512 409762666
1907118891 1593374408
1683563231 924009642
539360089 2120811500
1164489691 1583298327
1848329953 1517851299
2059654582 429827615
457741793 712525039
1985405156 763978397
537862580 653974696
2003923130 558279392
841810670 329543298
586813131 641379330
1875450791 577927814
1739342311 1437488369
1847251035 1633554555
1079445316 1340003176
116529170 1606886279
1580214131 615524899
51339578 655889259
26256910 597220174
1027047789 1899669531
464710922 2085911493
702406242 1484789583
2138764279 302632430
860911822 1240268822
1569812120 1995203761
489099444 1702722492
133166658 9141603
1446629973 217066587
1850621143 1872508969
1065028497 1146397360
605799991 782582811
1398107710 1181557667
1837446926 38530474
635750649 1449447288
1201633171 1863703837
1802131682 1662798438
1000104373 1666344093
1968976523 357054276
1597323098 991385004
839105118 682404697
237643541 1019651570
1028793173 1328204562
1545271149 370810199
95835520 327939498
1474336859 1248408644
2030991455 1160864018
194938037 2080136850
2118667325 1281615517
583579157 2032384964
1748605153 606934326
122249116 1785212328
1304072773 1403253187
1760307463 1122353490
2113738494 1125565648
1807970345 1210146913
82314835 805359964
2133564526 2045613886
268940437 1111108008
1439047507 1531352028
632277024 364775958
1525639976 765900718
698553920 515784832
1797400349 1720578013
1605479329 669737597
1276671923 233495859
2018708187 1206600834
462370373 1398921040
373790882 1175297313
153379313 75194188
1285341101 340045728
1145405693 1961349659
1859479897 1367655936
331280297 1131486571
515354951 2128420335
345712645 1770327804
388744874 1147631976
1663416808 1871352621
1444446986 1087298794
1757036392 1313333509
1546829368 902442668
2109043502 886224667
137662059 1418053908
445867573 423930228
499124416 511452941
851498670 599246886
413112897 1784465518
1004637806 1996904363
980907286 125109147
106045834 1335918103
958762259 1496262238
496410566 451758479
175627452 1347507133
287322280 12343726
1325677235 1620074438
375033458 2044358672
783099691 725022956
2143076864 336593313
760523541 920761751
1432214692 441460789
1040707675 1259647957
896629827 136229714
2133134077 1453820573
1578929720 1901267634
1089702089 966557716
315336306 1684975554
2136734033 2048464349
1248487834 811746872
824090598 164877837
1784952275 1535810114
1432685138 2284185
727307141 12502086
349095399 68301182
989062933 722900357
1164361146 1109618940
221783249 273793977
410023692 57585174
1511405747 1118413077
872197063 395674121
1362231837 942851819
480343725 1961899152
1862879853 1677568143
341831367 469594110
634471947 963884040
352210506 1165921965
1168206151 271940574
284442660 1784895645
1853196827 1895513292
470930002 633538059
1743156999 694776112
968570089 1635291148
1692876322 1964940249
935869678 1378593781
1774267903 1056798421
1999650240 1808066741
1622482245 989016092
519100588 332510317
802104427 1337878451
154278843 860931955
2026853921 1436576374
1708516949 506489349
143901346 1047576424
795606068 1992959609
479014021 1997098173
544390637 1266536070
754343571 74687372
2039627621 1512960727
744070860 299736245
1356534667 828013651
488596744 370855115
1359871208 1208701259
1541211577 2111078990
1301473793 1878971796
592420103 195832356
1632408731 1455752636
1962241985 471790376
1519366800 1193442032
1038917993 2106143332
1955757857 167489221
1434025291 1517932014
1592619387 352664847
1865625574 40885214
340621460 1484763360
165293364 462212786
833067902 1697156127
758373738 653890108
617485450 45455462
1924427258 152101667
347934024 1918959243
1227228231 369363713
841154090 1980342755
1026301139 1041986569
500
213037242 1000646253
2065219132 380526463
808920462 1435667499
1814551755 1161585309
880803238 1855436969
879727235 218082950
48574781 1341940022
383376314 1745730908
27524276 1037266423
356620999 72979738
1654751873 508722666
1997406996 1426227469
856656690 219287061
505972052 689515797
1060441151 1547958621
1715816936 1273478394
401121226 1633552421
1654004857 1210041689
921736272 1321072964
224143350 1802539510
1029026286 1103870586
2020622460 1077601067
298326960 256515127
675848328 325851236
1293781550 1032469327
398830974 801049775
1541191993 248754322
79793596 250365036
468041383 585765649
939880833 1528482535
2133724270 508214122
654477281 387361849
2141766543 160998490
1597403538 916019167
1482071455 1821546888
571075029 363614093
777933826 444213841
1441215160 1076260786
700728968 2117063488
1402112022 1994510518
1002049167 1800942996
648076646 395757513
2049697318 727870242
646122549 370255054
1313635891 1586003382
1898737589 1299876514
2094217504 405731222
1687238363 2088500399
566729712 1137158253
857035918 2048801167
811221493 1428110947
264931612 1589155320
1872324789 1706146773
517932458 425570109
1675726613 1920044481
272596980 530292133
1573503829 920673626
926049646 1475717500
1648543868 1572172195
1845972554 814696112
1010691929 1597226495
2114572626 957425786
2002957717 1654327341
898442537 422203781
644001946 1755478456
323521301 1455223439
1036105755 588452913
896895111 760946896
147116038 1414827570
1186517006 1822842652
1187388403 1459113986
205651137 613408584
232303964 1131700783
2089126084 1880847832
556389330 1787614990
548060296 1567081259
1237357837 515149274
377023397 1092831906
21992967 1275465935
1515035688 665994913
883460743 1838556989
2121218353 1919566498
279526254 870629816
533029747 426642293
137973738 1719546753
102001297 1325362141
1031177091 307652434
1938770726 1263481055
1439353217 1880413162
996845239 1995742547
1520544505 1544905536
1415340158 610418694
2060054810 1792363556
1703250601 2082047778
920345843 1070802641
600559043 1803806586
761875982 574293748
1575889436 1041402236
1444923565 2108919183
1468044529 1582897303
1680982288 1570045826
760775797 564675731
1877698260 552062875
1828156786 1169567829
284992389 677518378
1017826728 1805536894
74940266 285683239
268471941 2134995076
2078046795 1971722542
2069559206 850908990
895041535 522634602
507231928 1656917517
1096928350 2083121364
550836105 394368267
2044556900 2018880635
1977265571 1578055540
1441442813 590557720
2142731272 1171657426
1142620595 1823404410
193741607 1427612984
353439140 1211568336
1085666231 428379406
1497251575 1354138172
415890835 1427814722
1178377066 337966393
131240064 2073418601
860600995 638471992
1582852470 1957529346
574109708 2133688575
204413965 471182960
2005085562 34195888
2049238501 1299044728
624753608 2044486125
323218506 1767374203
1720406887 516960113
1047503540 2073846028
1728528449 2133169771
354741786 1078296376
1339824295 770632621
358627450 370717713
1108599015 489867514
296652666 1969200010
1128339506 1879505136
1779245708 1702449215
1865710063 1983659674
26148527 1723311978
2017855562 2075387028
874873058 495125523
1972389505 1198091564
115016078 1545312745
1715051677 1162519618
1471675125 1296096479
1148205741 1826416911
226909207 340546388
449565885 585536658
711264101 1558164900
1075404172 1007916767
1379881262 56260031
739938255 1011643323
1758709246 458164671
847819349 1784857773
33993001 718191263
1712761154 908866059
1213316786 1537667011
2106957623 1328332865
935496108 1674525652
343368835 259687585
823138483 1491574577
2086104497 1050047691
1832120965 388186734
1635584349 395901419
1946351634 563504873
1403818186 1178749248
619764904 2143756442
42908923 230990502
454437465 890728272
2015848276 488430466
1608919536 1581125782
1397296525 674752674
971309145 1356770500
2003085539 1906805254
883812504 198970727
19009191 1706950988
1690545304 2105113688
609515031 1375182621
345816774 97615732
1771084040 144684760
661120605 1027418579
1323434009 1280885510
1023691373 1366342932
1511876012 1478128838
109587557 1380240640
1966559304 1718507093
813882774 1216372181
245776119 1785191920
425659033 101378011
1544513526 1309471537
300348738 1563522717
868938877 1990894042
1521152758 1478453908
1218593015 1866969532
1576069640 842193408
2011654293 89706598
1869611987 1187604654
1370592108 745819712
406463938 734984472
76464902 516051495
2115225113 2043024206
87074940 781624239
1111912739 332851060
419332511 1537571772
434229071 1963846037
699559661 734577809
1379885107 1568498539
577988203 753554217
899468799 1796581218
473040101 328054792
491290978 337210746
417761390 213419317
1524815400 1788353498
959239029 1931279339
375854322 1035703931
299847186 343595787
931244489 386922127
1125220027 2043157228
719773187 1544552538
1433245352 1154002258
1360914928 2132805014
1888580067 593316387
1553819905 319084622
1346870604 305805056
2115665840 1819910705
633859848 459473171
9637804 1051621238
672892488 1534453204
692491088 1632131518
1318248895 1068345411
520351801 1618096082
1411941198 1451596291
2005018209 389677577
1347269871 577307748
1934230116 633031576
1731310006 1147661396
618352942 1472406425
1740977783 24689199
1791491047 940364739
330494255 1759673239
612791796 964354104
71662762 622429600
2015975342 744555251
9399157 560982783
229203121 1327648052
1629328194 749554922
798260486 893785744
53667565 655795047
1283463322 1400937437
1233102795 1070209790
2033969013 816929153
70387538 504838307
141851930 1811365321
529527506 1933342977
604246412 860021761
1545532569 1217038208
1824375865 1617195331
1839467809 1692867560
214266934 1848866966
106366695 443470055
1029031370 1735694889
1193024978 1827291857
481996985 1246692543
335603256 1765460307
500146332 1568706052
688186449 386631697
238151557 758573987
891470004 380003488
422455660 1420997510
165862817 1026702072
133535624 1711395386
96256633 1957911489
1181107070 1935724442
1503295401 1395374004
1637107760 1609662096
1838844060 518655482
1197873337 884385390
198463691 1679870323
2131077933 534066948
1297846982 483740618
2102773000 1986033432
870372315 193440909
597123771 1761842320
573444397 1019579432
1035356182 739307215
2046281504 1168891806
303218953 2142538137
979319648 1484326023
1930778931 335131401
732216380 1420403043
1944793498 423576792
1939058526 995183187
1307962182 2137522217
527569862 1291556467
524105517 1825416845
1775297085 479394869
1663966629 498185753
672835779 113606752
112544425 1246280176
1133186184 1147900607
1985587391 1031984041
169308766 141322697
1027038530 1148628414
1625648720 810333814
1483759815 210381452
83253209 1281069665
633958244 2022311735
128769205 1941920426
2012350305 656339067
1085993246 388972174
334272264 713806683
868367044 1998238893
1211992436 1541202823
2111845646 1324536861
639999351 1097548182
324953821 478103095
2129532223 494262587
619425792 1009087106
1642891001 97590864
1819420920 979167168
307972317 1902674129
112753186 941930561
1777502217 241522391
736367340 1642368874
897861458 1822360586
2031341048 1232133723
388683621 752224444
1082888968 1600676058
145943619 1047250966
777729271 785942971
2144799149 1102683092
1264046066 2126847724
1596945679 1883471858
988451182 1092353032
1981062722 660388454
2071520201 141551391
415578936 36789739
1083481953 45597505
278312130 1819849293
1687966379 1176173588
1494726231 1571823779
260823663 1883409852
176564576 1343712632
1336602262 322508195
243479950 2114331534
1108451166 240795451
1069530978 225013584
220159528 518993010
2108485442 1208610710
1611346042 1942064517
1868999165 1535382595
2083615908 137094453
1572172334 1019614213
182691958 1850484464
691979858 1870658337
879174405 39222441
1294998468 1139998068
1922632294 1471563044
336227052 1111750908
1794071240 579707003
1078598794 755038758
820502454 646125
980052343 1040661982
519639135 941054137
101789045 2130985177
735635006 1970788210
1518884125 671767267
2107882663 943572811
1691381480 143090973
646573628 235877691
2013749310 1525748033
275100132 1161264130
518262453 50248778
485343527 854489506
1161999687 131931119
1434196509 93114833
886969877 107215315
93760958 1867022220
1147877298 613400093
660592710 1249666343
596901623 1396227716
1072970905 2115785748
2067994983 1033369920
911874911 1611892816
1176460893 1558448539
1847770507 1042726555
936712924 2122870639
56507037 1454975378
25635770 541850564
161981236 1187635457
673781683 1596177745
1280750290 1560751561
1703393060 1374511249
1280290133 703786710
1987911342 1940882843
1953453053 437329317
1189626912 878940310
405631417 1110138247
1912310230 1317506329
574547415 941287475
728471220 274834274
1984014030 1665184145
250221266 2040521068
972675875 275857036
434887984 1134657111
1463492493 1108669668
583351208 596759135
521937581 139260620
1971270384 1802227714
843047331 1811698079
1595626910 649016736
101543748 637770174
1527957047 507175166
1747908421 1292783629
1824681495 174972189
86587457 405669067
449806463 2070601487
2070853212 700027729
1963638907 896045439
975884765 251043244
2030702550 291893610
1359712912 466570110
888652746 1881650493
605830731 712439482
1536394559 1448878062
376653913 984537821
2097894798 478197662
1622307995 1478368197
985372828 1222732769
623668179 662570675
1397704958 710255636
1068239742 1847511421
633373475 991609307
400055503 449528735
1887654746 1375940268
700571979 1770873649
1667833879 2060284891
89960111 409002977
1794451736 695790842
1121442459 1183362647
2144668904 1498096373
20416821 2095080055
1976294035 1642724816
1425964604 814183215
717973937 2049632783
1476753890 2115678895
612404771 397509984
1815706669 1245778247
1389119291 68278524
1695306982 1129290390
1444218792 248395313
752680391 964569023
161196556 842640502
1373572000 1955648292
1538431345 347530812
991527291 1535616601
1845627185 1011944112
1483213008 1674437572
507185281 761693965
341137139 1225159218
663843100 1817891029
1193354466 1276247872
67917365 861577487
374542471 1457036657
929856011 2069849453
438843399 226591155
170761118 1191523790
1191160179 331957674
2034164292 417248531
140122318 1425111989
764779343 1131649609
813244943 462922880
2143593722 148974303
2137360452 503295355
910668268 331013943
1728454573 1574511369
1421324 774325391
703275593 69338690
1635902878 1077818064
1526375347 418275241
1000183869 1965218746
644866397 1170944987
1009258888 1836026576
1502902661 895939532
105791459 1643024979
173567874 870570803
627190940 986812817
1333493683 623301014
1135787120 1323370488
1126596369 2046455389
1654384431 707567295
1473483110 1655805756
1481892686 29275055
