1000
879519856 1674856352
1348185615 1314367383
1786104432 450945867
365372624 1063342346
68384394 448101656
665624880 787222058
1533547911 783599039
471679142 1529571663
3286467 226354470
1893328581 917882203
1524120612 754011255
40240834 2091216503
273520373 1705439019
2053610531 901820792
1890270030 2009215140
1536587844 1762400161
929283896 622306238
1073252105 737289811
1800632158 567904681
1016006337 1438624730
78363140 1869016552
505131944 1681631218
1063719233 1611911051
1838265522 976811086
1894693289 1067005701
1821016956 1584110455
1527843310 1271330254
829285625 1861257790
615594935 1801363683
1663095175 735412508
350329021 358381317
980687556 1052199371
1789489183 1279612918
1847517599 2053939661
1345080743 1442637693
1164170597 716040288
250187858 1423443884
887871287 1669302541
498629979 1313907092
233429145 578653161
15279968 245839621
1517169875 2054446101
1768220244 1543123278
1197003313 198971852
934384361 236331531
594712848 712614840
1764814212 1284713382
416842652 1575400404
1481856418 1406819747
701973792 116876603
832916892 679453513
2102897397 1866144389
1387963283 1083104750
249528194 843285037
1421938198 1886593262
2132432883 482957339
389919793 1437218167
832857797 1502119110
1701090963 10656389
246987920 2029861111
594992303 487991676
1772705058 841700768
269617525 212322867
1619142614 42064063
158940666 1751473943
283443808 173632758
2039777148 991857558
2074962309 238857558
1082142595 1280256783
1019366397 177006855
659964195 356597145
1793815312 1004315633
358951095 1049883988
1060540377 479189462
361566925 2060042058
400550086 1307528297
1745417 956559228
1168882096 25771497
67835560 271362942
2022836885 640541062
814173821 226776226
1218633785 158797046
397654604 706467321
1986724104 1146112446
1323119301 1479797199
1836394344 858606853
1862922486 1983083496
885483836 1482726009
1961915471 74389934
2134431992 1946024213
1106068862 175998748
1132557976 387498431
413269928 1107814280
1379177222 153956424
794497487 481105488
707881714 1254530460
1413327506 1608671308
167654981 1926515499
925144297 1810982110
1143295661 6895437
865502290 100779951
2083863447 832206357
167448718 580941129
655331063 821863636
620404201 2129364189
157879289 642279407
1029777838 1726473064
686803696 1290437266
1444393690 1443047766
1924153254 2065980918
1173027730 91407529
1700078837 484551321
263583172 438871588
102370050 1867733818
1874629255 1188727470
1289507421 1245665711
2077872069 592647898
1173589027 1225887220
2047750856 97837139
79717681 1828920090
323715849 520671410
99660826 237596970
1528034236 1353493688
649057806 786464522
704961792 824944279
916351808 425727413
910278734 1877989523
169377463 468946998
189197168 1173861906
215105728 271747514
1517413225 2063826424
508990674 1504613149
583016722 1447801646
1545638786 1682579701
1364016143 483283930
1003955340 1625356467
1862953437 1687731992
893742032 1103616166
1890080688 1243504026
2068448305 1542799839
1968527252 447558833
178064708 837316465
1306263463 731322338
1905184244 347442171
619189685 1495460632
1411803408 2120289973
1477419474 2136602911
1436920909 1920794082
1455890135 2060436196
396236479 835076047
312948866 672422630
212670974 1400191819
356324338 28418656
1271922682 1106413007
501729198 98921378
546480211 1192887339
2030203804 322772802
1054095140 724544919
1071987091 1188983620
536960604 811795736
784602061 1691176776
1680296039 1948764012
1722074446 114537888
27490436 969733301
1804809348 1030480933
1702903563 423726915
1823918735 2117758215
2146176871 1915574537
874503896 32759425
131680803 1270615905
316019596 1376233094
1699005896 678161015
1402705934 198739752
1387723372 605617388
1417413125 327209377
2018386154 1924683976
1725964340 54531538
169069426 1551198545
373448198 1300555138
183552423 196559863
620286778 30773899
1048466 1886455986
1654546876 296721865
329481290 2147225337
1270357594 381567124
1757800219 461162094
1139323109 1586377190
1785116942 1309322467
1914939856 394545395
721754773 1025356667
802556995 1184869333
1239400871 592657279
2143855824 381037688
1681592826 1408470298
1605030161 369820375
400594274 1865145250
1604117588 77833291
374555157 401642740
401384429 1111180816
1492747941 704036447
1165198541 1671742023
1110635565 1103064512
264903331 157038002
551583398 748268859
1773625526 32359539
1217228872 1273338171
1865995450 428698874
809736562 309146096
1717616394 1862367626
84704353 343845740
61507342 1175162907
1252996198 485298627
886941367 1665624931
629322099 1627551355
184104155 1288325796
812584171 2122070040
1077650904 1349302696
1506340699 1923219736
524004948 1342554236
1374913775 2057924097
1183778620 150146826
578845700 444659000
753805096 902290422
617174400 1388582262
1732428003 323937842
1499100749 701878754
1187177381 1793935345
1312076628 604613299
84681007 2074118749
1214960897 1941398728
1915985120 268785162
1618087858 2027545069
1803281157 846152377
41222965 976944909
887385358 179802457
329949284 1416136740
1860795740 2071163978
825970752 908794984
149893599 467117188
791055030 1443145153
2145023907 1882321602
1528773299 142672131
747285431 1184717640
1111352741 693366280
487281360 831966438
1100751600 178829991
58891412 255782832
1101935209 571355810
1548300720 1862172569
2041975027 1143158174
411811267 288202430
211882761 224440663
1133235647 125123359
592240548 1037853513
333515018 1283129246
1017967200 1383295578
1525967710 331055277
1515772918 399256852
1092623132 125769493
957735931 479642011
658472002 1579904492
1835687324 2058487531
482359693 717363414
432052336 790138886
1933297060 2030660413
171379196 326543715
550984378 197624679
322748039 383261957
1421115470 1684220025
819865624 914988587
150800517 1754630489
2085685766 1837832824
89606028 1676768227
1802537720 1453975036
1933617048 1182229160
614650004 612790003
523793886 444605402
1161968817 302853681
1092992567 1006153580
889330345 1594021153
1920564868 878805979
1076430659 1060709541
1443971498 324065598
2008285623 1399178698
166683637 717603321
324750162 680667599
371016776 317484154
1994252382 262952280
1716927317 460622804
1642851965 1649306454
114612810 1503060717
1947666119 110018321
412872002 638406696
1644560276 962151288
408688793 1505864569
237186901 386406974
1447116515 181770013
505835611 1313617560
565312610 743604366
1461207687 366637587
1047305186 731996247
1049480401 1785957849
2048910129 1418321962
1878944767 896249135
398071942 1618353798
973930867 1374313084
1484331405 512684752
1151091448 774113339
1736264627 1897203408
1255584329 648168077
1034575051 2144953421
179239786 1492771230
658905142 334207918
1077812284 685075398
1051712985 1224217752
1956213999 391536323
30010524 2099018171
1369856486 858210753
1754459888 2078920654
1549790804 1101317605
328147041 5048182
517732934 376238024
1150351363 1812478446
1562198206 1668824383
169508812 739132342
736602115 670298888
15586470 1204083863
1538291781 915841902
1600917300 674491613
1898709365 468620418
860156741 505146637
456681160 1707439717
418166822 890167266
821604272 1826537646
780371603 25143062
30191245 223911428
600149452 1108518644
773513443 547924179
69264914 1750500815
342149510 188228001
858526889 238773726
1442857589 1078751625
1994593527 874113360
1548604973 833665723
1302286141 1448027179
1953173816 1299830690
859786759 14959234
905126500 262371329
2088908975 1277953581
1303096644 1726730772
1950642201 721796931
1830315575 1333287889
1881212068 403308005
6325173 456345370
644573372 1950476983
41767061 348474683
1427226308 1503100261
229729973 1484624651
170806726 1274336188
574879719 1778334946
930681989 1473092867
1488052101 380569888
642941217 1790468748
920938682 245694954
1972425726 584366544
1306163475 76551678
1409839567 1775584279
31408637 988995403
1445340773 1143567987
946561322 37733810
386208493 2089914145
1445530759 988328384
325469387 1813434801
940287341 1675260732
1306112031 496276113
1969368980 1515167061
1895736949 89310372
1879779120 1309937433
1555632387 391194518
975561062 653234154
729785832 1380574466
1008675097 134240890
1123236293 2139625399
1135709739 1040083734
1077817544 421093418
363523916 2082271061
923115797 1464026037
1129977191 1809054675
1336831759 1248585184
1744861297 2070264532
1437947945 495460142
584770514 1566746629
729200415 1186201246
1577395764 317065987
970300141 137349154
1517923620 405473179
539714069 1700085974
1692227725 379115070
1419198804 1662950362
2084043780 680453816
615241230 349532701
1813558738 300084048
2109138723 1538357027
639458564 796052281
718833166 1298486835
1793946977 236836213
1803582843 9297463
1195498710 231233844
548299831 385299610
522648764 625410826
1030884005 1518599972
1071202298 2040572385
272203807 1570598074
1086064788 615946376
1296400192 1691402611
2040935312 1022624921
1322708969 1911641422
1302514802 1707010403
355579036 1284364045
435367232 1941973366
31325931 1074412202
1083709666 81830561
313064405 1834908774
72724736 131724728
757135554 861364236
232480561 595373501
488462238 1788019560
1211133986 1303682859
1919629235 760666045
304585008 149715127
1172340048 1068545780
832703554 198036673
1905047076 347565369
1631929414 2135218356
1929708074 113142464
1187554667 2067296646
1643560 1961034006
1648459132 123780685
255505413 314707965
1176072202 1721183869
169073722 1012640967
653176879 1408552763
564751974 657535960
1418202005 1864310866
2014025993 336897562
1405443342 1722787013
1920823686 1038882393
1386447762 90663248
78397957 1678387114
1791529579 870893529
790706527 2008106031
1821656389 831600598
955381283 792350087
1107058053 1322631874
896332095 1210886696
76044015 135646607
1544199370 1065405817
1722941777 729220895
446048113 2108951344
298365258 993660134
568963499 312590458
1351472851 1703808600
1794471849 342303538
2020690652 590436965
1461330494 1872869806
1733492189 1664736583
348853533 104553374
896903461 1407664931
582813157 1304234816
367637864 2003961514
2139608121 1479145252
397067421 443681880
1172902775 1536323843
1497791540 2120009198
966185684 1618950888
1931541346 1796156798
1352481751 1535149183
1877452721 1135530549
1725967514 999469952
724856110 1750659726
1267912661 1039814361
1144367735 310864651
1718529582 1616766195
773517363 2041271196
1897749063 153859091
1633004343 1141155228
1584837108 1889873536
1278713732 2030071764
2002597314 610256235
81723475 629021624
277694774 821299350
208964886 2013264821
1001311722 1630176525
482162829 2086417607
1689593685 579795588
1619609949 1207018939
1517883591 810022699
279305246 616494036
510281585 1088929525
1242788617 1052822609
46494189 260547000
2936888 728309312
610897429 1631331297
94103884 1281650620
1910672244 466011095
1287310446 175827359
41608532 40883371
1671059896 1496275332
1435209291 1042920254
1622715843 5739078
1212758017 977319329
1787342028 1094842144
1711336181 583157960
1672087486 2066647274
971986235 74134118
334681118 767392455
1495701767 1018480425
502328074 337618006
1619268627 2106599196
425126644 596431959
772259318 1382457223
1423340594 1712437090
1061228774 813867851
1856788105 946916843
952655921 348954417
1326273746 1332020300
279378797 17930290
601088251 966132126
885295752 1990714978
2064849096 125692089
893084544 1857281988
728278765 252046566
589664572 241302663
200418212 1230606839
1827038798 61449551
1443906775 625544856
190498298 451814469
1265682320 719763721
1666680564 1251727072
1600681489 974986777
159523430 471852837
489783128 779471588
1745603714 438902227
282133557 1090871379
1216563468 483415819
193214159 199499005
451545571 2109648012
203467027 921492924
4616115 1041210143
1102659695 403885239
1029430095 1831654914
135985735 399082822
1118846543 1219928393
324171817 1401668055
229171184 638043460
1109896297 1924853307
556841247 388694614
827596841 1599679425
543067156 154961313
638377132 1109730398
1309229403 1759630624
1721794988 831591291
1753084215 1760774974
654501470 1925262016
181663607 1757700331
1441871597 1757161165
8760339 1211093703
283538448 1577857332
832041739 1127606882
1765650342 607710266
385079925 1061212923
1449907538 728062992
180258769 941921172
1096882485 130020731
1239751130 723325926
335472902 1735259618
419367261 401496885
14788212 2057267891
1835046259 24967829
1782668160 669289682
278967199 2016709866
1080319921 1077056109
507429793 287727538
1415334420 1363858370
1971568636 1339471532
253200807 1033501115
1761564107 209164913
1151086085 1703108345
1833129077 1941822876
517665154 100484922
1835744540 925396559
1326893444 853138057
762922300 107628154
132595983 1341681656
2010971338 450484911
319711129 1915264143
844836604 142454889
430182427 1400031051
616405773 1352266397
544254281 1845516848
731534315 440490761
649655674 797455088
353079786 345614774
139954002 1800741759
1901226681 38725215
964121774 657619157
1510757214 1589487574
1697115728 143531570
1485213227 126195866
576680777 1829711711
1597492206 1348700917
1491155807 896391906
148939309 294845162
1647111559 1921338234
1619371434 765345082
1205835843 43882192
841337280 203422101
549036875 1855491517
1508749628 1194417066
1233142281 688990878
1346610035 1262492662
704496588 49780407
193311978 709883601
836079467 254128668
2083840379 1678525205
879742474 1412760244
161668502 1533848937
1828694099 223414633
2144752868 310607812
1075952894 1328322010
1372204202 1616640654
1820062756 134305090
1989796607 66057834
1260474901 221615983
910606861 1351062588
466071602 346133534
395913942 109733248
819616849 1170568190
1424696858 589225920
120267477 1655696316
920972912 1361053589
747418878 1000009951
1223424585 1082641415
1393249227 428629329
1756951339 1220693805
689850811 321718473
456023563 981671893
1047729727 362429919
584045903 298336523
1649399111 160720980
506854515 1494652764
1604386013 2115470713
1138555255 902768457
1491994377 276519214
1932215531 415768465
1776822054 1612261854
464788157 705704795
1788346210 376757284
805386613 1688212742
761422899 1034111789
1355830263 414854304
1396526197 1451273711
1813703630 1811853826
2110190349 296772276
457493257 250265885
1744918650 1612105812
1580092877 964347772
1867116229 1201821015
1478340229 571164484
986932949 1211626958
676405164 1263072112
1968776908 616271355
993028639 1141193321
681922416 1609639470
496267612 1798415252
65785908 1443345315
747135378 1852097875
1516468053 1462312105
1759084382 413355361
663621246 1479174755
943796919 69093991
1033441763 261056248
1462877263 376406149
947570633 753074344
1964701302 793733845
2056805957 1934503583
403291290 493622818
1634816139 1878099217
1340255040 1396319930
1047251534 169254907
1612600223 1836522652
1541136879 1113037443
427865900 212251953
625607314 910121284
241812391 39466634
108560625 1289228561
1550284809 1185609311
1562015460 1142002388
1895076732 865678425
1659412270 362102445
149122380 1712294386
58433556 1568734579
1299350149 552413671
1948733601 1693249696
1862504603 492121541
181160545 848501487
1961538930 1327621178
1539873132 1722297424
484935060 241921183
281387817 17996798
1307225359 726747452
1912356763 389948443
1531950831 710026521
1575704946 1326888575
1688991020 1279543916
844354654 1087633568
508884499 1838113401
243043424 902788211
448554259 1808234648
152872541 44293377
892794864 163575214
1491196393 334033086
2056330510 706850147
948771330 883585877
901582675 393781923
1120529375 1230159147
1620107590 61324387
771350908 885402490
64807417 1004574774
136635042 199572206
1287205774 1753798437
1444428190 980989696
1883777907 1796090273
1456841274 1687471614
1731764991 184848518
348423733 1609713815
1943746902 477076208
1183926355 1839620126
575722355 1852593764
98892039 2132697685
1215373184 1477305030
1538629417 1219421414
2104823904 687997127
1692571901 162496677
362068883 22147673
1775946111 1829206943
662712991 1649274657
1297881283 1072890653
612878620 399007251
583855769 607238909
69469076 197159963
674236171 932279502
624415980 2013215978
1718326095 1858162526
1843376563 1200138335
529959718 1817218134
889155901 911266100
1599263227 2068589135
83602165 846496157
868643831 1144351480
826074775 445671048
2094945706 497106294
1569996947 1488787766
1887795017 1245343341
1852582250 35391919
232551883 324167139
1256446641 1922051326
1787783657 906788054
617466933 1880862622
933517309 1358626104
1028360590 313359848
1224625948 1463477027
1384582515 1917516491
616529001 676405527
1820757007 1468184680
1913855728 1485172832
1982279126 499348134
1988135901 1861317786
959177479 1404792425
1440184345 1728447270
2052614409 664276081
438843760 1672736228
432040634 1161577403
894956377 79143769
1437769873 1049507567
1362867416 1828473686
1144467066 318646815
88679659 440009716
1116415244 381565933
1849750613 705208660
42897844 789688603
1289036738 1616122693
1329956832 2025176970
1282485747 1129688991
710652613 141650663
805926745 575186444
100439024 615783375
1777360778 1244770505
1323914274 532479659
1581987226 524833507
205823545 614200499
932847314 797370994
1237380711 1350290611
1731856544 1021526973
1726735633 206312307
996000910 1434123509
902762555 1769633477
1647326799 137554000
1267242991 85235739
226886402 782328899
1357515343 1977895605
446195332 1032813147
130100004 1457954368
1990434027 76072462
600905969 1454014278
2068214777 1424937605
74824952 806729514
9536478 853578444
1875105417 1312205663
1518517970 1741393022
1028032884 1454357403
1076507232 367035232
504589233 1930795439
2016031178 576350384
1358679283 1771832224
1602244181 95433932
1128247080 568710978
2026665346 2048439513
2124511975 1258347084
564877715 1869615725
1147069683 577934296
1384663811 485608844
1339187288 1221894635
386616650 1394200289
988109663 1066809058
373682813 1905134620
124686204 2016142547
1799454338 1450190045
2026540429 629275437
253624014 1668001868
1763435801 1237736064
1806447043 1855868195
1756824061 744199233
2002546317 1685628741
1407760819 1733852388
164303037 419940384
905549229 407346854
1629241489 1548966848
795683489 97252869
1164061927 2015858139
1773509111 1783793152
1652452052 1537744740
840451138 1898195315
379987105 1304422742
824940963 719507919
1957243984 633611119
341995666 440893116
1185092349 1616207379
1154352472 2098819727
1685188468 1040155018
1460095403 414629643
821976497 1849491505
1250974705 218160984
315413853 303734338
172108829 2046658194
1682967698 1479475781
869736873 1945617940
1696329608 1187936102
344875197 1710188011
282212283 2076316713
562444184 1169816160
1610709276 91972619
1708179998 904439850
855775930 648317977
1688472995 715048822
1129678466 393480750
95488607 1001084750
1219245734 1951654963
107905654 1346463312
1245637858 1534659588
866651721 280014483
78148776 781121908
1969058011 1736388594
1299092958 1774478384
1703311449 166449560
1336265720 1581305241
1673277860 118271985
1022711835 799491348
1447809325 1233974210
1949023032 1878487765
124484867 988798672
1989883423 931217850
735389166 219973474
1566436786 1061645509
448821449 843294820
1123309303 664590996
1445712905 1315473170
904378117 1201458079
828452815 1267287268
1433736828 55987427
1637292668 384280616
502552601 622518900
1422010248 1163086880
249577442 1525264437
1256268554 722335925
1711134597 51116826
982334677 1380753422
1600726896 1553534372
467696234 1717723843
413535015 1019680035
1684271031 916517683
84507206 1536844318
590818750 982500288
102303908 988885323
1044872750 1419271565
1803552182 1536040736
11075988 534681770
1697768650 158621135
1683885572 1433086236
7938513 1947346092
1998462918 792670479
25940253 1719073111
1125123835 833313947
403554142 1626667149
498863536 1592820069
361854105 817089157
206449828 35650920
1018151208 446361311
1435246634 797268578
69056495 1120455117
509012205 332635736
867317506 1872608677
2031229813 520088194
1953174430 417602508
217464952 1567631737
212818568 1961112944
1532702407 68444222
901758170 238758821
1865425971 510342594
2103162664 1305312312
2122401470 216805859
252456779 317533121
763894432 181367650
978636228 1270607988
243579457 51657418
384293154 1047692723
772817753 752591662
1272679856 1251610660
1669213168 656563918
76712007 1078370639
891999935 1886678120
1955122342 289530576
528289397 277218694
787561288 709396864
2014709177 246231720
463037580 743240304
1060773425 1989626999
23511001 715494359
1986102347 1824667857
1876325275 1002147229
2049839952 82198156
834789819 113134781
1364745441 675174057
1331737975 2107469675
1038356666 886474961
625669433 1408449983
1697980559 1930356601
60091647 433308128
1142704992 78786308
325018029 847652936
1590893240 1009930521
852073872 788055609
1503549968 504183018
181367227 875584873
1877732102 1342168668
1424366824 2057692503
23343636 1780088407
307778816 111672995
71659023 1388089078
127080391 1639516792
900483127 1110015689
892888643 752749825
1186057953 450980038
529766346 952980290
1800633226 181279297
1191209819 854784375
1642839984 1244042819
1748225837 2043283691
771384917 998906305
193591325 1929593064
1839801919 501633371
134238130 1617958149
1729631145 1863145556
1103750986 442016947
2081533739 1801290168
763822209 1230831377
1983581202 834533218
1285513256 1656710852
462207495 1022155507
1203434805 1815279602
1000
115357073 522580330
247160976 1359399892
17936666 142961019
960142081 1016842971
914345936 742251498
1210434296 1415979308
434569769 680908798
1550217438 150231677
263056295 1992234385
1253982663 2064346463
1926284476 337330393
680685024 613334046
173427947 189912229
1898847302 1195583455
652119724 1566643257
251534612 767476797
2089223587 498695588
2126876690 2107160253
641656607 939535123
976519577 1556002544
1681786621 39470225
824498204 2116356391
720379023 227231994
119104420 983435318
71982732 1373087084
900298133 1998267208
1710417477 1580983158
464117607 1883845424
1770895387 215481261
931945231 275531463
1782124518 1183479843
1043008260 1723864457
1682175431 1022401302
1683541063 176348391
1961936426 512576992
1732350935 1496239399
552047217 409365491
1465112142 1272426241
636597485 1584216563
108377911 708580217
809819999 1008676045
559363778 372753828
442175555 1023481385
109115604 65587294
1238962646 1041060836
341118757 873603517
77057031 1384127017
449984326 1759232463
259044672 2133525389
1935580854 73497450
498618733 1520448141
1569736849 1050665951
1929813632 887365344
175608544 418927469
324098259 283986455
1127507687 1133918258
1292662500 1686871465
1506672086 1734838055
562869202 1615787690
1800425349 1801831848
509364878 2141544106
527951717 586421910
1378187476 977936044
198170725 1637232148
963977785 2133751579
1710729598 1462596519
1506716072 1132982799
365778822 1289046056
2020348143 541387366
1707973525 196962754
825373821 687997564
1330881012 2118036322
227385381 690069450
1705390729 790254583
158373493 1358332431
444602784 667738371
1352392889 972554501
1254160281 583096717
1950490545 1452331006
72845217 766984683
1438598937 1783574815
82097554 797831361
769073967 447876376
2086877417 641938462
989263742 1647367295
838901217 1814637563
187881211 22298581
1785190237 415266593
712368032 1343097319
1205521176 870741525
553946102 1650123960
1538479896 1906338991
475194814 645156530
341952061 278201711
2097487536 414797278
1045186394 1388602826
50888446 1127283948
38950539 819962413
1575160324 2125827957
1461900875 416940418
1625711604 153318444
84094334 1813592815
175617026 1869284571
81375760 887985058
1064898242 1286896937
1758726583 1618844344
789537249 1149722831
1377699688 1264732063
1794879361 1719651749
1542933775 1744883250
2134449027 440636521
986002428 37853825
1567920470 1024952967
857816238 995597146
1003297276 172233466
1412537565 481525232
325551910 1496631899
147634400 501168936
1218432822 229010160
1389153994 135847417
1515907097 1000396929
1754691761 157960699
2636113 984907801
1422692762 1797515474
557075902 818142889
1394915076 544041282
1258779411 233433856
581895107 679216233
1258386824 1439711346
1674813379 114200452
1611944812 939867296
595725685 1937496722
289015547 743360085
291182011 1507448370
972370245 1680336005
1643295787 340793695
533249287 1250503900
498754394 535885400
87928054 1921447156
185917226 645003956
592106398 1580832303
1189045238 1850885809
1814266159 1770940346
382618394 925169335
1063168044 2057431773
1039369788 527629208
849815422 1635095473
317642282 1138830969
230971910 608824293
498795691 1203342155
141676651 2142091478
1544135850 674925938
1245111731 2042890244
1210811338 1333039785
1816853753 1396728564
1978043741 261476503
830077219 1019605332
2112362312 496859731
643062030 347497058
1422029066 1706230074
257445183 313915206
86375634 1107260605
1949010679 404017916
98607927 32498941
1012842210 597403618
1235841097 1154518861
592011449 632493299
1829444799 1837123180
527899896 892772489
1022679317 197270001
142017405 853239410
458746504 972094625
1872844742 423625168
1468954356 368423124
771122226 743499774
2074653198 1028567409
1057414981 13545184
2135828015 858942012
417563101 86952294
891440954 1430405311
684355912 2127282051
437440524 1276367361
612291702 119401675
966006893 1140191598
1012174164 1988686210
1337461599 1154191569
694441973 1796208103
2126286194 419803067
72349623 1447756902
788226192 843471849
43773029 715395742
1872039259 1101188010
728940927 1860383626
1960130022 1146504028
1947335920 704087328
429425691 484208184
683885731 866866215
1760575546 1296177434
986267890 579098791
288885384 1998442054
420301354 1626346984
1005149975 1114743327
1275071439 983952522
1534546394 1347421063
284225776 175288938
43409264 327998805
890684681 1915448523
1429186815 1619625608
1628348501 1241833190
618645988 1428200773
1945920518 1048071679
1912408958 482322602
1914937894 1525500856
1778500036 753722136
2104599647 2067385420
604680542 377417353
1546248756 1609830517
1492160680 673836548
446299391 879223427
2021257611 730525168
1054512365 2064666875
1058523973 1945197046
1832631751 340227141
1417339006 1313496604
1582060331 2035984994
594213730 1380497201
936573025 359139040
1862819803 704027271
1884639896 1493836191
1457749407 1841755895
1413737964 2062429949
71689601 812503072
1524776819 1563850281
1486339620 1971076210
295590060 1360113583
554117730 1350102426
1277296811 1612641704
1147815824 962444914
1952868845 417671183
128457870 1387445528
306172529 722671600
620459081 1242745555
1081810640 335795237
1946772826 818966888
1829631428 1257038586
513239136 1095885744
1171984887 584928737
1908388817 549278058
1295370 1247244789
372870621 296885431
459874725 926988351
1646987857 1737171536
392146407 647320033
552132802 197531604
1064991216 680590672
1584977132 1371163746
1403262273 57952566
466425653 337589265
393747803 265714831
1156556154 75895583
1522753417 1669795290
1171781328 547254657
107240379 932686497
1096532715 108535749
32447638 1469403336
405421180 492322363
248908040 2052409037
82010251 641054447
552245423 634143053
838586052 1617236639
1314733726 276079536
840916737 570512351
334032102 1307342390
908101616 727779905
1573057222 2064657770
803675489 948326991
1586969412 1975456817
1495581648 1694209791
760659666 444630716
1802745541 793107304
1914034052 60683073
1285429668 15458444
2113092111 1367439919
656512892 517853886
2001582973 1495098944
2135090525 1168833051
1771178480 828523615
1739345402 2105210583
2135866005 499963370
685506840 1561439579
417137493 1489182329
362282923 2004106905
1317155498 1857864571
1550833049 2077815164
155011639 1206094942
723438821 2069045692
1266778015 2008868489
2084504136 1232386478
1228824760 593533380
1750240364 1082924085
2088632324 1737847242
104273488 1712327157
418887209 1843618890
1670054092 407269566
196098613 208077284
1968709146 613236106
1697259614 183508421
469859363 866931464
2041372992 2020692412
797262981 48900984
1079303706 1520701802
2117946676 198598074
1382086643 2054967164
1430984552 463427755
501016897 1033741269
1546351841 442165573
624104863 1650625329
7009082 1042992072
1346760572 1677063174
1450261638 1542859185
1885140459 1271487136
8611643 1434916425
1454995557 478471006
154364241 1348884902
351679771 951627222
1397785886 1430983477
324845376 1368248914
1629581551 1706932019
1275732430 913082456
22876127 1776749327
1946823725 1569227968
71431253 423444940
1072369649 78440335
1466437012 271646573
1755503510 769215002
1814505758 1493160321
2040702139 1823117401
780593098 1348214048
154104760 934957339
549615302 505784531
1886584562 1947401188
1936768008 63946290
1168166454 1418865912
1770878310 296415237
184464720 1793754437
2073164564 2131288445
1215498757 2144595817
407249737 140384758
75552505 1873686749
412031332 1831056015
495418103 79053442
1176732688 388636594
1902170844 1957325786
1736850643 2056275604
744799477 138982297
414576487 483900391
2086383486 203860847
547846682 1107066292
1622726759 171241344
1403481529 1807191479
1964995781 1329162446
1790996276 1033010890
1326274615 50762365
1173395648 1401827120
1924449114 1585426980
1085399487 272383570
1664480423 114648527
661020164 1419167619
2071974313 250387159
1327959575 669290143
389369457 1742536062
1153190534 328269295
1946396909 1701037216
1435335587 1421640021
1872278560 691333469
1081347852 1689790693
2020495915 724860481
575317935 1199286882
775622846 1748713584
453630355 552588313
1186656916 1539029842
824971883 703653691
1653678370 1485992047
2122821310 1578169035
1736379207 1303297237
99975530 2125748664
898349651 1253166065
306534311 697262913
806719633 1741869898
2118902934 531514546
285719719 1052767138
73821591 158731986
1777627619 649139527
1358018869 405766818
250369463 1811649224
958355131 1437026379
1203195418 1783327014
2140680071 709390140
1121835413 2116017733
140075528 710730972
1271831323 240051058
688995988 22697326
1493217123 995530299
719960239 152453109
589916550 691379525
683967655 875636269
1744146664 757789246
1034368256 1374290635
1406928773 244903477
1780057453 1657298236
2056552701 590928936
946840968 1112264471
226772302 940037391
1821654612 1348607716
908571476 1961730140
2059338688 32919151
54297550 600851029
55616478 1547514674
1596381328 775576717
1699967783 38814230
1466956243 236451790
914450500 1063619259
994241036 1948818756
290426246 253686162
46238585 2070483700
1910984398 2102791286
513928988 710341718
1067572109 740701291
1650379109 741743073
2089309007 411466938
555989565 2001164047
444386089 610287116
454531428 500002567
10318142 2050912757
1275579285 1710285925
2089726987 595051880
1946737715 856693839
1658671139 793495103
658028947 1949097385
1047181265 704267532
1872097437 810682016
659575170 238542778
1521023734 1727147280
979244069 1023919196
321406705 921069428
1435386134 877396271
774749827 1879772223
1487683387 1229281256
232291143 1498001529
1132710365 1507870428
1060803806 1074953704
2102922308 860057873
1931647544 1614109799
1653552976 442192843
1415723536 553250594
1146460376 1140337326
1363932610 1806035546
1378880104 737472696
1385699178 210640525
1761391892 1707105884
1131709953 1049294378
437018507 1906459780
781582954 1924701894
988257388 1013874097
1275219775 2120967753
374260877 188539933
1048437810 329699537
1048597806 832601706
1943809336 554667134
1274794549 1212049224
1107917728 273771277
204902902 324366690
2079806824 1583783006
1061839387 1318022354
1794423531 675747631
877644590 778649836
1725042010 1314663097
537625969 359141316
1091881343 1525883357
1373015413 219617470
1499367463 1747276290
408157403 400321625
2076975827 1456755209
1232923331 1873301515
2011422344 360234232
937867091 971856424
634005510 1142769994
1296223115 566328686
579069352 210578854
1884351040 226009236
886326485 614511983
1004659072 463884847
1929175080 1542285041
823026163 873572776
920684751 48557928
1093190246 272568566
1795834218 1501347650
672890191 1725326397
810619211 1905813522
1451144264 674557907
118564106 241527708
1646414332 752569616
1384297702 795153799
1318898302 1963367054
1005732653 1055765695
41892642 1892059138
1670277678 1046551715
208460338 1451969110
441353108 1031486501
178058238 1362037859
1080044430 1271248485
1634606425 728395000
625112487 160012968
306237750 1435731698
2065826490 1757382014
2110289606 36906949
1998909722 1609220290
789476565 1235723776
256890441 2108374868
1051607183 1262623094
1016656915 1093499825
1007198584 539450945
2140051540 1215658922
1991420055 433921001
99661776 21994646
1795958860 1179706206
1293243131 1283081638
1908101206 1918355618
1443094606 66855308
1206603668 1361437449
1824237323 1169409626
1398344398 1675663397
631146268 40337315
763903526 888036709
1228535 1815510709
3176155 1017885450
761526886 1010374740
1557336395 754094779
78550014 1401272803
1188015780 178211790
1423267449 836490992
1357917996 569026932
2119572630 1118535555
339898902 1415183589
1185390863 1546502570
629137390 862144538
568428549 2027481788
390324288 1199574817
2067819103 1154227814
2087611527 2069047639
822254875 2090787682
939449441 1583781761
953678774 349302189
190392892 1032228789
1750574992 1378408672
1210440579 1026358793
67416017 420874928
1595385725 39504999
1539410483 1935284627
1454688588 577317698
1334303549 2083825978
1439462237 1902732098
1963824118 1829786525
954823268 1884159574
836530691 894951147
1805723565 1658785566
838255181 597689358
1095083679 1791933956
946991547 1285476572
676679097 550082891
516401596 1887119676
1576441684 583817613
160510956 1024343761
623322613 1699921439
812144740 2078011201
129755490 2146448290
2014353532 1569217727
1901696740 1830694002
1251520604 709036360
1567369928 2088051295
1603987507 1225609845
1599353213 294759041
1823299204 546953244
2086692997 622807103
1832429816 615888446
1172889995 201347765
355524474 601848031
785165378 516035431
1626191793 1408487991
68473222 290852885
1339015545 198228712
289817527 1205885429
1767446439 44030620
889095783 871483395
753066980 308982064
812051042 209570840
1534591909 263920607
504329881 1210407465
810873852 443539230
1833214569 495820020
1059427676 858620916
697167785 1414952150
1460468947 1482333164
1930987581 939177092
743337507 1999460804
1230029978 2082353052
50205868 1519847505
1140754833 1817652308
1563878125 2029850617
541652055 169461458
191349033 1353703098
379032298 1725940942
1617623705 883362179
788864760 281013909
1326901409 474595681
776833930 238845437
1333216597 1474001715
1653797587 646201896
808851231 1437301521
1585378989 1552188739
1289278677 667925319
1487058143 1339484545
40289176 480329329
1009653205 1604167302
362696298 1551305261
1773628760 554045331
757524711 5177410
132502625 227664768
888539589 921367385
508678678 67957350
1395963066 1285512608
306802787 581696015
612030675 1960600374
1227897912 1420881907
1250418247 665793253
825586998 392213276
1333718572 165161493
1731697822 1374007748
645490822 593867379
830691402 1008187120
2145172640 456836514
1562232451 755213703
462013924 1694735077
982878472 1350553513
468618814 1491557150
1418510863 1864581881
629586110 1725313650
298794248 1241616785
1538430377 1526692160
515015044 641364976
45001765 1340602042
1033578253 1378720337
1505763536 617792427
605244438 3770710
1211659806 1435935840
1011957831 1209348799
1892772355 426706634
1964562502 207302631
2121441711 799957326
1557856145 442576878
144030828 828883360
159675111 773616938
406713363 458469359
2015233724 1945143740
1985161520 382765120
439025068 2030163285
1723367163 1472603321
1261399975 1081647051
2090395748 1866644413
1085417761 1154571907
1155096605 2097375592
216437058 900385312
376598579 33515912
1107687944 350556642
833473239 518060441
793133520 977504067
1346943801 952808631
1751121006 1753657164
1411277991 1618871082
1551317256 1248955863
2001636202 1990342325
1131635500 1577519717
1315461998 245551827
511683120 1258374099
2112196240 1597100882
265462358 1119809198
1546992826 481899416
2020194510 1923591405
515415328 980398806
126664400 1348888567
1498459247 919797920
178908987 697919401
1872606552 1930029993
304092917 1136400895
1401417427 1855410174
237873110 1255569981
1698268851 1369508610
685606051 866247201
1615060438 1197289171
2124621300 1579773030
646906405 242600010
552098580 46415584
724499426 424809443
1970006989 1239914755
1405208249 2096671389
441319674 756183849
868985662 620228661
1454103250 594108566
402775006 1758196167
1730509461 1804192433
1466122693 1968382571
912278767 1016907896
1190407533 1597884818
1883155098 657984323
647690341 1860292750
90273706 1294596747
2102892761 642372286
1341012331 679908539
1067181729 1163535672
1919823294 324906331
1112723414 213659321
1081090180 1981709076
833887982 387709782
428333994 1236662989
2145905949 11359807
893371774 1464544995
1979742378 1805650541
333969243 1022666263
1256051711 69640693
1680650587 1903742053
1929933444 1770924293
1050855152 1885342557
265812931 244383835
417767448 1332994661
1407919507 190107095
1657900992 373159273
403766416 591507524
207384701 1237654398
979217306 635718695
326833739 977639607
647078502 1220205514
294700954 479337232
878372407 628670198
1502003496 2134424119
698310891 1035170435
1890682524 480760687
658611080 794054028
218619596 924424011
1038437863 636387045
109935024 298873722
826494140 1767836016
672032996 1230260556
211859892 879417697
320431306 1191077198
1515136393 647265046
21233158 14731247
1867470560 315934112
494068480 598359319
944604310 1996071976
585299790 1642915202
883758763 328498666
2123675889 1542369843
1122552694 194811838
319310206 13506909
831198883 429245231
312380632 1657693023
49597599 984413628
740469931 261457492
1863831325 1060901237
1452534690 1231484070
1708166283 1473767848
1246215318 1428153195
1789701961 1740283798
2026512515 586822623
1588872126 464328657
82254177 325147241
792827324 58446419
1867517084 1915380018
253258257 39343642
1928886928 1084457140
468588873 93783912
594666515 518186473
1078197540 1335136446
779643965 794545217
248554035 84695007
2026029288 1956720319
1558462856 1124760958
1237389866 1200681169
717561108 1116418733
1787503792 158949586
1580747391 1869757970
484096827 226091067
1928204389 204130263
2141471085 33978998
243473905 1922874365
1118436138 712062779
2016658277 1713102653
1230249252 947372169
900755451 2009893217
1741917387 1149309486
2094588224 1620463027
958546157 1505567432
597740337 48452376
558764953 1315301445
1164871109 198785098
1474251031 598134852
2068543068 1958347858
824225919 1849263809
14994473 818213357
1883242807 258468378
593604074 854195297
970531157 462778704
419814302 53296761
1410150873 1320569753
2063189978 1004584612
322395591 2010294555
477563991 1280941749
1368378339 1075304328
1329394125 1927143293
243122125 346781586
2125928391 1717373156
944916439 2046987811
1528237366 1769142358
1748767972 1543231839
439872067 1484527131
1801700218 1033476142
191238780 624747727
1496254846 611053082
678044489 758922071
1931622835 593750819
1763506684 106534778
456561726 93587027
1387476527 1824940066
1168891356 569387004
1604599711 1412013481
916168591 1583044454
981902990 1861085030
1482548617 362656708
1482743740 1083832941
1905888548 1922615808
420876424 1560105118
808608302 612115204
37369197 157379500
1223168286 715413686
916301571 1007307473
1309164506 532324607
1113842251 1765726232
625911635 353835131
1443182650 1794802991
923222135 900298713
1059332824 1839390726
335859519 2041235814
1552992108 1818408136
256408875 888252201
754757429 14813775
663384361 1175633853
1574918893 1471992663
1787749057 1612288090
1629372163 863433695
180218129 398190086
1870741168 1489382635
930514694 837099772
1107625219 1556426329
1190934903 403324222
1203745672 2114157038
1303622935 115594848
1806064117 1639482455
9347015 1211572577
1310406943 265755890
2099824778 2065164373
280569665 615725491
1093314578 1855488558
2087718154 733579988
1320293000 1569606669
1597013683 1500511129
1967796756 1320271204
842410116 750827802
9887328 1950035336
159770483 1200822231
205875910 1363516155
1167495621 1509498845
1479111003 826076090
1001497652 1488458018
2037648668 164420948
1754213908 1989989798
82101673 2034783573
458231642 1175416251
1742788483 398466148
1908996239 915597836
1968072818 1358526275
268625317 1788385926
531313831 1111035434
391730080 541201159
913587122 551500563
1742023390 1119463032
1915016718 762035363
481478229 1246644073
1588111454 1482975882
587618444 1478276474
1647396830 194348704
1320782624 1729498503
81648630 1779014266
757431106 1824437113
29996767 518943698
592551301 1998069585
1877469973 861176619
1638971863 261300156
1972212053 2030701943
802501315 738315527
434718858 397041057
1857778559 202251928
1159076420 191773140
1448896001 599704226
1674749022 2036514445
2077980700 1174662204
83379502 1251279677
756677059 165028132
882810295 1514108166
1989465245 912807062
2033051864 434532899
763392999 1763038189
1295709518 254881214
2024338345 1120437923
138099509 679356012
1858753450 572818367
1076397069 1569048361
775070295 87989841
1760821501 76482649
687694068 1288086876
2112997094 618191120
315265432 48892948
1869470797 1071942492
213921080 604797445
438567010 55902678
1517604507 324135226
490435577 133513859
2087173415 1786145095
388395073 1964028112
759099370 526494583
495900476 470369172
1099312950 1572297545
2039417533 1874383246
1660287386 1652755386
1950865895 200497806
793358614 1916379341
818688927 1108624047
1965272290 540676076
33082891 31709722
1145473521 471649901
87612400 515594381
795785127 578047977
649108240 735474894
216709424 1037503313
552019358 975808794
1563997896 1047919834
1446177966 515827199
472733731 1338111851
242726797 2133021117
843383590 46109044
186035276 1636742204
1962488385 1004724203
597882603 1780277027
1545400279 630965494
1811986750 543390153
1102615395 1899599150
1058984534 1898400522
330163480 1708092774
486391768 546872904
598112439 1038411126
1522681699 14626688
2086330960 821376017
530453887 411581043
12004221 773180684
397118513 855387811
819289728 583153789
344646367 634294465
1587877992 942528971
267087845 985794623
1573494465 2079074595
1529184776 528626213
1831190097 440685662
279543087 13869929
1294788 765934856
560742834 599407228
1804345982 2083424533
614033916 1743193295
757316902 1144487803
7290690 769321123
1917668487 404409203
1624708934 589474567
987562992 1969355302
1223769032 427957336
764400625 1490856877
1413751960 190411442
1422447824 795453088
719037655 1106154274
1236138751 998580743
1120024203 1237433539
1764515599 1680767037
1836840767 1421377933
